299 377
366 231
366 295
366 424
366 191
299 208
366 42
366 424
366 17
366 263
366 456
299 329
366 201
366 21
366 42
366 105
85 458
366 21
366 25
366 105
366 309
366 480
299 193
366 227
299 399
366 191
366 391
366 367
366 21
366 373
366 396
366 352
299 450
299 269
366 105
299 34
366 347
366 480
366 170
366 376
366 374
366 122
366 263
366 46
299 450
1 58
299 480
366 406
366 235
366 451
366 189
366 18
366 193
366 257
366 374
299 484
366 231
366 26
299 269
299 191
366 25
366 295
423 78
299 484
366 295
366 191
366 352
366 399
366 120
366 227
299 360
366 193
366 309
299 325
366 122
366 283
299 191
366 325
366 122
366 352
366 367
366 391
366 309
299 484
366 451
366 175
366 231
366 208
299 244
299 484
366 451
423 200
366 42
299 51
366 257
366 441
366 21
366 393
366 25
366 235
366 58
366 235
366 367
366 227
366 269
366 177
366 456
366 399
299 393
299 119
299 368
366 424
366 235
366 399
366 170
366 175
366 201
1 342
366 339
299 377
299 155
366 48
366 170
366 295
366 193
299 450
366 441
423 78
366 111
366 177
366 367
423 78
366 21
366 48
1 342
366 295
366 21
366 480
366 214
423 200
366 214
366 105
366 447
366 480
366 192
366 25
366 352
299 146
366 189
366 451
366 192
366 441
366 170
366 18
366 470
299 406
366 260
366 339
299 393
366 263
366 26
366 235
366 347
366 470
299 34
85 458
366 231
366 58
366 367
366 58
366 214
85 458
366 480
366 399
366 456
366 46
299 244
299 360
366 192
366 17
423 78
366 367
366 90
299 329
299 329
299 227
366 396
366 25
299 17
299 406
366 17
299 119
366 352
366 396
366 48
366 227
366 391
299 51
299 17
299 377
366 62
366 175
366 17
366 26
299 325
366 368
366 21
366 257
366 309
366 374
299 329
366 231
366 90
366 210
299 329
366 235
366 198
299 406
366 263
366 233
366 25
366 231
366 257
366 58
366 263
299 480
366 470
366 376
366 215
366 393
366 25
366 214
299 484
366 201
366 42
366 231
299 406
366 396
366 215
366 447
366 376
366 441
299 325
366 198
366 18
366 376
423 200
366 191
366 42
366 325
366 198
366 368
366 447
1 58
366 447
366 208
366 111
366 231
366 372
366 114
1 191
366 233
366 90
299 372
366 406
366 396
299 480
366 201
299 208
366 146
366 189
366 12
366 215
299 399
366 26
366 191
366 441
85 458
366 58
366 193
366 12
366 25
366 447
1 191
366 138
366 233
366 189
366 367
299 399
299 119
366 367
366 441
299 17
423 78
299 360
299 393
299 480
299 193
366 352
299 244
299 17
366 447
366 441
366 21
366 376
366 208
366 175
366 260
85 458
299 377
366 227
299 227
366 105
366 105
1 58
366 120
366 120
299 393
366 376
366 122
423 78
366 233
366 447
366 257
299 193
366 376
299 372
366 424
366 175
366 260
366 90
366 175
366 399
299 325
366 325
366 175
366 447
366 406
366 189
299 51
366 347
366 122
85 458
366 58
85 458
299 269
299 360
299 450
366 231
366 208
366 367
366 189
366 175
366 399
366 374
366 216
299 208
366 339
366 120
366 368
299 191
366 362
1 342
366 46
366 170
299 51
366 396
366 368
366 215
366 391
299 393
366 62
366 26
366 393
366 208
366 193
366 208
366 373
366 90
366 48
299 377
299 119
423 78
366 120
366 210
366 25
366 269
366 170
366 367
299 193
366 352
366 58
299 227
366 269
366 11
366 21
299 244
366 283
299 393
366 175
366 170
366 309
299 244
366 189
366 456
366 260
366 12
366 105
366 480
366 372
299 329
366 295
366 21
366 111
366 309
366 177
299 191
366 192
366 235
366 399
366 399
366 192
366 105
299 227
299 17
366 325
366 376
366 120
366 352
366 339
299 393
366 260
366 309
366 339
366 114
366 424
366 376
1 191
366 396
423 78
299 450
299 368
299 484
299 208
299 450
366 138
299 329
366 347
366 480
366 175
366 233
299 208
299 484
366 368
299 480
366 362
366 26
366 352
366 368
366 260
233 13
299 417
233 215
233 76
277 72
21 463
342 282
21 344
342 286
233 234
26 417
68 32
260 72
68 444
233 234
21 304
299 237
21 137
68 338
277 453
233 13
299 3
299 118
240 441
240 457
26 17
233 417
260 99
299 137
21 434
76 289
76 289
277 190
342 210
26 17
342 151
240 384
260 386
68 212
260 342
26 298
342 260
240 233
262 26
260 401
342 184
277 56
260 307
76 417
26 8
277 425
342 375
240 41
21 66
68 291
299 348
21 186
342 348
26 118
68 456
233 417
21 316
76 289
342 166
342 445
277 100
240 218
277 118
299 76
26 8
21 297
260 250
342 275
260 224
76 289
260 200
240 304
240 100
277 297
277 316
233 76
21 426
233 183
233 32
299 151
68 157
342 401
277 374
260 41
21 291
26 233
342 225
277 66
275 289
233 234
21 387
26 282
277 377
342 342
342 342
258 215
260 100
21 446
68 456
342 255
342 331
240 41
342 87
240 282
342 212
260 182
260 224
342 425
260 182
240 67
342 390
233 212
299 255
26 26
21 240
342 449
260 224
277 286
26 445
26 262
21 353
342 216
21 282
277 7
233 13
342 56
26 457
26 348
342 282
68 342
299 212
299 250
240 463
299 342
233 41
240 117
342 118
233 289
68 87
299 200
342 76
54 289
262 72
26 252
21 401
68 453
240 419
233 26
277 370
26 341
21 157
21 207
68 66
233 182
260 13
240 419
233 234
240 449
277 316
68 8
277 407
342 357
260 417
21 41
21 426
299 66
21 180
342 252
233 295
342 59
299 348
240 449
342 468
299 190
68 304
260 316
260 26
21 5
277 145
233 234
240 233
260 327
342 25
299 215
68 458
21 147
342 197
342 417
26 449
277 201
240 3
68 384
233 32
68 340
26 56
260 250
21 379
277 416
260 215
21 186
342 455
26 40
233 384
277 366
233 212
275 289
68 138
342 252
26 240
76 384
68 3
240 374
260 425
21 62
68 125
277 200
240 79
262 71
277 151
21 186
21 125
233 110
277 390
260 250
26 4
68 458
277 275
68 396
260 77
260 327
277 119
240 302
233 316
233 13
26 26
233 13
233 417
233 234
26 389
21 117
342 342
233 224
342 25
26 463
342 56
342 72
342 77
54 215
26 386
26 166
76 76
260 59
277 216
299 32
21 431
233 13
342 436
233 182
260 260
342 463
262 234
233 32
299 11
258 289
277 180
68 32
342 463
68 425
342 166
233 99
260 212
233 41
68 408
342 26
233 13
68 435
260 224
342 27
277 137
342 17
26 331
260 99
277 351
342 119
233 215
277 250
233 234
233 110
26 98
260 342
26 140
277 123
21 128
21 118
26 154
262 381
68 212
21 456
299 200
21 70
21 84
26 250
68 456
299 72
21 227
21 77
21 180
342 297
299 366
21 207
260 77
342 468
260 234
21 371
26 26
342 66
21 87
68 15
21 157
342 201
26 17
258 289
342 278
240 426
277 32
233 295
299 417
240 316
233 224
240 425
277 445
68 297
26 252
342 370
21 11
342 255
277 425
258 215
299 225
277 370
240 214
68 8
342 373
76 384
299 417
260 307
26 336
68 390
26 4
68 340
260 406
277 7
342 436
277 41
342 357
233 13
277 255
342 457
299 200
233 13
233 342
260 76
299 366
21 463
68 351
21 308
342 375
76 76
233 100
277 433
21 444
68 426
76 417
21 97
240 186
54 215
68 7
342 348
233 59
76 13
277 381
21 452
233 417
277 200
277 373
233 76
240 297
233 100
21 389
21 376
342 201
277 272
260 100
26 445
21 32
68 100
342 182
21 223
240 8
233 224
21 140
68 401
21 396
240 89
277 4
342 291
68 125
277 72
260 66
21 391
233 289
260 295
342 275
68 297
240 417
21 166
277 436
277 297
277 223
240 304
342 200
21 467
277 225
342 25
21 36
26 280
240 186
260 295
299 342
68 336
258 289
68 64
260 342
233 425
260 373
277 281
233 295
299 151
21 192
233 384
299 417
277 231
233 13
76 417
342 291
233 77
240 84
299 212
233 295
342 99
277 151
299 118
342 17
26 223
299 384
21 341
68 436
26 456
277 19
277 463
260 425
258 289
277 41
