7543 5799
9198 7458
917 8299
6904 8389
6471 841
7081 1497
1498 63
143 515
3329 347
7158 8408
2443 2462
7001 7029
5082 3451
6510 5078
7255 7680
1643 6611
9403 3009
4835 4863
1070 2805
184 6802
4958 1183
3227 9837
1452 9267
4684 7666
208 3033
4370 8101
9790 9562
9822 9827
8530 4355
2990 3392
1116 3369
137 9256
2717 1289
9041 7651
6850 3413
8363 258
6271 473
6456 952
9603 9777
814 5729
8545 4197
5136 7435
5711 7491
8559 2134
2646 8034
9582 2591
7628 5442
2029 4452
5323 7213
4203 8726
2254 8765
4735 7246
4486 4485
2723 1067
769 7556
5710 9455
1307 1756
3838 1013
3016 2218
4411 2250
990 6746
3969 3562
1630 8597
4149 7478
2940 4384
6676 2586
5417 60
6458 5022
6938 5289
8790 5722
6876 9815
1026 7722
1554 5081
4483 5134
5384 5448
7194 5977
7258 9652
3485 6869
5121 3511
4703 2614
3474 20
5916 4693
2303 1534
3631 1534
8709 9044
6242 7675
233 5277
5562 6094
5948 3088
6062 3285
6006 8493
8671 6676
4056 2501
9819 4
174 828
3577 7761
3953 6267
4984 9891
2258 3627
8631 2379
5540 6055
3407 2729
2310 488
6467 6453
8955 9180
4210 8434
5517 8012
8341 439
2238 7516
1341 2403
4847 3571
9213 3410
3489 4602
3457 961
2078 9019
1038 5969
8758 5462
7769 3165
8456 6978
4297 5302
5622 5022
6040 3844
8084 2184
4820 3510
6132 5913
2060 2414
4270 2851
6874 5986
5330 5072
2008 3799
2245 354
2105 6874
7132 6079
4529 7333
802 4639
3033 2454
9170 4811
9029 606
2195 7768
5417 2178
4577 6182
3060 7301
8430 559
8060 7016
1015 5872
6341 5764
3343 860
3273 527
9027 2678
6959 1088
6010 9463
8895 3844
7880 6338
9549 3335
6148 2326
5606 2582
3428 3678
9363 8173
9532 8635
7092 6183
6445 8857
5985 5424
3936 3481
7165 7089
1133 8385
3917 7130
8584 9440
2248 5076
5896 9827
4411 9176
1541 4397
9911 4774
6386 446
5940 9511
1947 8693
6902 6241
5854 3821
2429 9266
3730 3717
6293 6369
9644 9704
6961 5513
7148 9739
6167 6482
7821 5900
4966 5153
3927 7195
1275 6067
2355 9031
893 1800
1715 6743
4404 762
1561 9018
9378 7202
4930 3190
1530 4602
8665 1754
5325 9432
1343 9948
1327 8527
4917 3164
9940 3194
3358 8601
6824 6102
6053 824
5260 992
3235 8433
3877 6135
2033 7478
4257 9188
1187 1178
6926 4939
6252 5607
1844 6161
5061 2894
3862 7304
3311 3837
752 3297
9549 6059
1215 5528
4949 3085
7557 9633
6791 442
9876 8682
7027 8918
8028 4583
7338 1871
6234 624
3269 3627
6666 5376
3766 5710
5670 291
3588 6569
239 968
198 6296
9175 965
5060 9821
3488 1542
1271 8644
5762 5562
5804 8934
7013 1530
7645 8822
6399 5610
8553 9106
606 5571
9930 7637
1851 4946
5663 4507
5149 6900
9102 6653
5699 9366
3431 9044
6908 5031
1245 4265
8897 1877
8820 308
2192 2916
9675 1914
397 6173
6964 2944
2783 2048
5869 3679
267 8899
3815 7311
7914 4442
484 1916
7491 5366
5172 6842
2314 4729
7719 9396
1476 6375
3509 6972
3685 8259
5572 6903
3363 2646
1491 4264
6508 8489
1870 7254
4169 338
6508 2214
7919 6181
8585 5686
4728 8129
5408 3151
9273 2589
5515 4025
4388 1764
4739 2867
833 9775
843 8097
8102 8726
6685 5982
4248 6959
3154 2591
6254 2631
3561 8695
7020 8115
1207 419
1085 3806
2726 9224
3370 8342
2206 3048
3648 416
3983 8833
2761 7360
2917 1126
329 5472
8033 4772
8005 2001
4879 8085
5567 646
9984 3114
3688 3294
2583 192
8487 3690
5279 8312
1775 4803
7557 113
8518 5125
6664 9775
3596 947
322 1151
2748 5018
4932 83
7881 2444
6522 3105
7803 3384
6856 731
7703 4318
8684 9594
344 1914
9602 1044
1876 2913
1704 4435
3547 7370
1656 1820
6926 6504
2525 5430
4252 9852
8420 1477
7417 2821
5619 7946
6300 9549
4860 5707
9571 7908
7539 9487
5566 2814
10000 321
6513 3525
9972 8063
8265 5227
9659 1875
562 9907
2973 6111
8746 8495
9881 2139
570 1209
9465 4632
9112 2495
4191 2932
5632 7956
9626 3704
1125 8030
8337 1415
9526 4861
2048 5250
7001 5863
5036 8457
9613 2579
8988 6276
1810 2812
4276 230
1775 8587
8312 8730
6247 5811
305 7613
3799 9656
6321 9679
7456 5580
2530 1013
1416 1837
8430 5685
3361 22
4817 7683
6976 2708
8177 656
8092 3666
9527 6811
6492 2851
1192 1311
681 2225
2599 4270
8412 9888
1625 789
9870 1918
620 9273
2164 7791
5690 2903
7625 2711
4583 5547
5806 9675
9813 7258
4107 7571
8613 4423
4252 7295
2938 8619
5720 5916
6991 8584
598 2917
4357 4455
5877 6809
9298 3283
997 6431
9898 135
6130 727
3092 1399
2050 8402
4918 5842
9684 6903
3121 9638
1612 7822
8044 5697
681 5317
8470 2751
9445 683
3424 6199
6523 4839
5519 2156
4721 160
8026 7222
890 668
7899 9793
1330 461
466 9817
416 5365
7885 7557
4630 8020
8330 1998
7470 5554
8855 345
9031 3662
7608 9041
4956 7465
8555 3120
4761 3213
3342 2886
4624 7156
8060 4253
9922 8665
4927 2169
3295 3895
1567 1295
1597 8050
2678 223
9102 5423
8098 2248
5772 8305
1089 4915
9595 6893
111 1688
4911 3041
8603 6574
5570 8203
636 8902
3319 4632
146 3165
5362 8988
4338 1009
7360 9179
6336 1130
5996 4281
994 6306
3284 2896
5001 2848
3483 3559
9967 4125
5722 6123
6707 5345
4755 8402
6023 9673
4066 7292
5154 18
4193 6567
3200 1209
8489 3026
6409 9781
4576 1758
5279 9455
8716 4820
702 5739
6638 5241
8139 1097
7686 6041
530 4730
583 5599
1751 203
6225 9706
7607 3673
7506 9867
853 9057
2921 8303
1355 3730
8344 9304
1226 5241
5213 3157
5532 5723
7621 3929
5128 296
7583 105
4704 4597
9462 6226
6520 5671
3239 7628
1962 6237
9661 2369
1712 2312
3959 2643
8696 287
1425 2012
6474 7292
8529 2936
7631 1174
5374 6206
1129 307
7319 5443
1834 4461
9358 1340
7720 7783
3372 1329
8264 3385
626 9101
2484 5888
9157 5397
6997 415
8821 5235
3759 5829
2356 4347
1688 4423
2805 1066
209 2823
1370 6014
4997 7646
3403 1464
1866 8447
5595 8225
6548 4836
4585 1815
5326 8927
7307 8252
8059 3720
1344 8345
1305 7377
7377 9408
7447 9117
556 3916
8149 9508
7986 1825
4415 5397
5443 3725
9420 8447
7233 6129
6447 446
6114 9726
9688 6526
7268 8934
9853 8703
9285 9669
7478 8346
6428 9662
4096 8605
2727 15
5421 4665
6315 6463
4708 9224
1059 3594
5981 2771
570 9393
8812 6503
8922 5300
2928 1634
5661 871
114 7213
475 2225
6780 9753
5655 1134
7378 485
6076 6299
3324 6557
7133 4435
4005 3854
2505 1158
970 6747
6141 3877
5461 5866
1030 1877
6862 5924
572 9543
3674 287
4140 650
6147 5733
334 8503
3394 2052
9614 649
8665 766
4470 1213
7351 9443
384 2588
1639 4576
5286 2339
5155 7819
6932 92
7947 2043
2063 9454
6298 6458
7263 6814
6160 421
6807 4772
8828 1739
3161 6527
2748 7406
2599 7120
2223 6659
9066 8889
7977 6324
1288 3852
7276 7466
9207 8882
3520 4309
6913 9069
8246 8190
6296 7808
8157 2363
5613 5494
9891 2640
8660 4786
7019 6378
8527 9144
9111 3608
2296 1069
1225 8781
5445 2545
3973 5018
7598 4043
495 7899
426 6268
4495 5548
8675 6140
9458 7711
9964 3297
6895 8240
2564 2593
6953 1318
8867 9383
8793 4057
6202 1687
6613 5300
8764 737
6953 2927
3754 5881
7517 1666
5270 3060
3392 7709
6468 2849
2010 8546
6307 9965
3167 5675
9396 772
4925 1964
5810 4710
5241 7525
6971 9847
7084 5138
5147 6936
2540 1662
6323 1253
8971 5041
9247 5884
6772 1306
1598 8785
9529 1858
3041 7375
1548 7296
4081 5419
8863 6545
1696 5823
4171 3246
5641 8905
9197 9923
1880 7483
9195 2336
7981 3849
5786 9588
2068 9093
7172 2045
6945 2081
1325 2497
228 991
1801 8229
5710 9343
2033 6152
6640 5233
2627 3725
7356 8285
28 2539
1045 6914
7780 9987
6242 5802
3562 7371
1248 5075
102 2904
4909 4831
8553 4932
8702 17
6010 3490
5012 8688
5469 3042
1998 7483
961 5909
68 1365
4709 5628
3227 4647
8944 2234
4764 3757
5267 5339
9451 101
7918 551
6537 3020
7592 3519
8628 4349
9981 6983
8840 9641
8342 517
2967 9797
6037 2804
3086 6239
1836 5548
9960 724
2321 192
3893 953
2093 7348
9115 7216
7772 1034
164 3628
5358 3227
1762 7820
3456 1239
8589 5383
9055 5801
3917 7701
2872 5620
4669 7342
4338 8510
6903 6946
4891 9221
9316 4089
6652 7622
1356 1997
1496 7517
4133 9636
169 5447
8707 9887
4084 2029
6723 3007
1648 3513
6925 9219
2702 3893
4064 7725
4912 1125
1504 3427
5513 1936
5306 8494
1919 9430
2224 5467
9729 4950
7215 1843
8402 4913
559 6094
636 3289
9413 7466
1731 5051
2452 6935
7865 1393
7693 3725
7926 4859
9168 9736
9538 924
5690 4897
724 7939
9427 3616
3851 6401
2988 9041
2501 18
9516 5278
9157 4930
9022 6243
1489 3303
8663 6092
1561 7235
9372 297
8924 721
2225 6934
8212 3171
286 363
2671 232
6578 4839
5822 3641
5162 5578
9939 8429
4417 9373
7379 8045
7229 5486
8126 6172
5391 6027
7546 850
9460 3676
3610 4062
1446 1727
3364 7578
1107 8463
344 1266
5880 836
6199 7412
3897 4117
7119 2450
6099 7610
7987 2599
8032 66
4169 9618
5921 3859
4129 8004
5270 7604
2758 6959
7869 9974
3552 279
4865 698
7204 4209
1081 5565
6255 8540
2979 2550
1720 7757
8529 9969
3097 1864
3357 1814
9629 4950
5803 1892
943 4355
7001 3852
6463 1577
145 779
110 5153
3058 3117
5809 8681
2606 1505
4935 5795
50 5898
9425 5981
7188 495
7468 5733
7527 8345
4455 3970
2569 669
2949 2099
246 1489
2387 3330
2516 1777
3122 757
8163 1424
4382 9153
7015 8090
1419 5325
8242 9495
6661 9816
51 9081
797 5236
7380 3380
3999 1491
9868 6382
7279 222
755 9797
746 3693
4733 8600
1905 4706
9803 5560
2420 279
4921 8243
5119 4231
3248 8393
8520 3460
2106 4870
8200 699
8588 5040
8262 8064
1855 1917
5828 3052
1086 9559
4607 7306
2703 7359
6578 4422
645 4980
4656 1869
2715 9491
4568 259
8511 461
7503 9144
362 989
8217 1411
8412 9530
6204 7522
5822 7761
6092 5638
6828 517
3107 9048
6152 3940
356 3434
8236 6441
1227 2372
7421 4367
7807 9844
5187 1671
2985 7096
8081 2749
5921 9810
2816 5520
6521 762
9736 8002
9533 9044
6105 4912
5002 5548
6746 1371
3146 748
2501 5125
36 8726
256 8843
474 1464
5246 8026
4463 1541
910 9798
1342 1446
6742 9548
867 721
6588 6079
6975 2692
5819 266
8590 4574
2860 9845
6757 5576
5904 3533
5758 6702
6712 5134
142 8665
3311 9273
3492 1309
2038 2510
8463 2328
6809 6985
6044 5321
2042 2225
6613 9608
6115 343
7930 1695
9345 1291
5450 8613
8246 7033
1068 6300
7034 9356
2997 7893
6222 6485
4332 4454
7308 628
3684 5942
8050 1700
2232 3597
6777 4565
2437 1129
4438 7135
9693 2268
8518 9663
3125 623
5730 3510
8576 6139
1049 3253
4421 1659
943 8797
9885 9757
8231 9816
2004 9512
3159 5730
4529 4574
5178 3468
3383 1858
8611 2849
5780 9059
7658 3253
2475 4721
1221 9449
3404 1379
4732 534
7947 2394
5037 5647
2546 6742
8901 2740
5817 3071
4593 4598
2826 8048
6392 7745
1952 852
4292 616
9029 9132
9973 3194
1810 6371
4805 3419
2122 8123
8256 8117
6263 4516
1001 8288
5807 996
6274 8166
9427 1929
5229 3655
38 3292
5727 8329
334 2572
8166 3615
4191 9845
226 3786
6380 9492
4532 3453
3429 6245
363 2423
519 3743
4867 2315
1525 8781
1928 7608
1336 7059
1356 5371
7670 8926
720 628
6990 8039
2113 3060
8434 7215
8599 8478
7014 2127
7495 4594
6274 8264
660 8481
9554 4961
5828 2423
6610 752
5351 4696
7617 2315
4509 8247
8355 3517
6685 8523
7311 2473
6039 5869
3126 4203
3473 6944
1013 3785
3460 7514
1840 4297
7478 4559
4358 4946
1244 3198
8416 3024
7529 2699
7541 4529
4591 2667
8872 6776
8343 5163
7758 3562
4528 9033
1722 6992
5194 7475
332 3761
6681 3747
381 1175
4456 4709
3774 4460
1553 7290
1301 8341
2450 3351
3179 6831
5782 1671
212 7898
1517 346
6855 2849
2549 2726
2857 5924
264 4028
4353 5396
542 4226
3455 9660
3756 2569
1353 9166
6005 1308
6022 1619
4287 8811
3402 9729
8847 4521
7984 5056
346 8720
8365 3055
1657 465
7608 2622
9187 1541
4141 1920
5745 2682
3438 633
6368 4807
8562 7385
9479 8490
6210 1705
1733 8053
3830 8752
6257 5288
3504 671
3957 992
5410 2562
172 5042
7042 271
321 4237
6533 8783
153 4930
4410 7622
1376 4935
1300 9787
6210 769
9112 1209
3733 4097
322 8333
6739 6209
4447 2193
9711 1998
6975 9969
7939 9018
5403 3928
3532 3848
76 1688
3678 2502
8969 1902
6274 1781
8404 6152
2740 5578
486 5261
3382 9029
939 4598
4172 2985
8402 3375
7963 8025
6582 8404
2812 225
954 7612
9175 6687
5836 7809
9526 5982
1515 2686
8257 9913
5488 9218
2802 3969
6914 6830
9941 8746
6334 8321
4158 246
4844 9775
7464 1915
7418 5315
7411 8671
4581 4493
8773 3986
9957 9656
1782 5810
5581 5227
2623 9992
3968 2617
3819 3510
8064 3738
3916 821
8168 2854
6559 5612
9519 4720
1239 2927
8411 3193
839 4314
7436 7474
432 4937
201 5825
6366 9655
9475 2318
6660 7386
3753 613
8370 5887
2367 6133
8521 6065
480 9832
179 8430
5990 8582
288 4529
2342 2383
1681 7473
1907 8045
3753 9678
1584 6526
215 1400
5939 5376
7886 2721
2647 9736
7159 568
9962 1895
142 3767
8231 7976
3886 8529
3974 3622
420 5336
58 838
4632 3552
2267 6151
7022 6803
2762 6283
1804 7159
8402 5373
4636 4528
233 2816
7174 4743
7144 2804
8714 1447
4854 1356
5587 7361
3936 2184
4025 6774
6544 6508
2378 9235
1983 9407
9258 3424
2476 7623
9429 8990
7230 812
1780 8261
722 2471
5845 9160
3398 1449
277 408
8870 9411
4360 8466
2221 6184
4344 9339
6552 9729
156 8915
5082 3294
6321 9197
8941 9965
8265 9959
9277 6574
8479 1324
1052 5391
3029 1741
9650 6861
2697 5154
8621 4899
7341 9797
5513 6207
6911 3853
1122 6699
2035 863
8609 9359
9690 9297
7599 5613
5167 7980
9445 9523
5554 7081
6228 8556
438 729
1250 1542
3031 8266
5111 7424
5303 6044
9122 7336
7985 6900
4392 1019
2266 6693
2631 1774
5024 6733
1126 3365
7032 9140
7398 8262
907 5925
7854 4153
9302 7759
3078 9892
5270 3614
8833 2730
9527 7587
4485 6684
2555 776
8282 7233
6439 7094
9051 6848
6473 1494
6375 8650
2460 9348
220 4368
6339 4943
2188 6189
5609 7107
6160 2701
3571 1419
1655 2976
6914 1074
7110 3650
5326 3421
3914 4042
7044 1879
3218 2527
5948 1676
710 2383
3682 7609
7740 5418
7260 3378
3209 6185
3236 3501
2583 9566
881 8695
658 4717
9049 2472
4146 8231
5827 5676
6737 9014
4834 5711
9012 5752
8892 8778
9820 7983
5603 3897
6185 9597
6823 6257
1333 8974
2335 8911
1983 5959
3276 6223
9913 2422
174 9104
7948 8387
3961 5850
2319 2144
3133 6908
9584 4392
3710 5656
5283 3962
8529 6388
5834 911
8873 6884
6953 4818
943 26
8128 1210
5128 9660
6277 230
9777 1411
9374 1526
3082 1917
1891 2681
17 1116
7176 6462
4093 6515
8287 1598
150 4207
5441 8218
8956 4550
9375 3383
4206 790
7475 9443
7554 5803
8432 291
2928 5148
9767 5900
2712 8651
6088 3446
1948 6013
1437 9211
8156 3995
6303 6985
1646 1246
7954 7663
294 4135
1924 1608
1920 7298
7640 4996
7451 8008
4788 5820
9732 7206
6472 8251
362 8161
941 4940
2278 5237
41 6603
8595 5166
8960 9066
2508 4971
5188 944
5301 8568
3084 2659
2593 5890
9476 6807
3835 1174
8158 3074
4773 2324
6261 3702
9327 8590
7923 4897
4595 5606
7229 7123
3561 2920
6718 851
8204 5365
6203 8808
6292 7429
9390 9640
4408 3198
1742 1041
2695 3874
9546 1565
1566 7616
6437 2697
7908 1516
8248 6557
9597 5581
7038 2893
5314 4629
1804 5888
9804 3580
5342 2461
5952 9232
3460 3464
1693 7003
2567 8742
9445 3554
3948 9045
5927 5282
8041 8087
5004 4626
3544 6957
6065 8796
8667 6368
3806 375
2809 3371
2560 93
6035 2231
7622 6192
5072 4137
6276 8247
6596 9246
8021 8015
886 3169
6082 3255
5404 8786
626 7295
1135 4847
1609 9707
6967 8676
9986 4479
9937 5497
3133 6233
8101 6105
3908 9249
1522 6493
1604 3175
9317 8556
5138 9104
4535 8270
23 6700
9169 2315
4175 7667
693 2979
4643 6238
9984 4191
8210 9058
4947 6125
9171 1401
6578 8608
5110 2400
8693 2174
6393 7838
9228 8408
175 2823
9230 3349
2442 1495
3894 1085
6974 783
9947 9984
1598 252
4002 5385
4150 988
2665 4898
3426 72
419 6722
9871 7789
5973 7083
5210 4741
3607 9727
1496 8382
9466 5743
1670 6046
9185 4321
6991 3607
5365 168
2191 7679
4009 9571
8785 4759
895 8281
7597 4834
7767 5256
2395 7828
8233 9691
3979 8372
5450 8766
9613 4795
886 4231
1482 3422
9975 141
4099 8260
5392 9350
7522 6179
3196 3901
9341 87
3386 5265
296 8247
2759 7408
7045 1887
9773 2743
9026 5111
1660 1732
5075 508
2418 2378
1369 5109
199 486
6222 5926
5619 1806
1704 3350
9082 1502
8784 3232
7288 5489
6778 1764
2553 894
5230 5107
7130 1912
3217 7536
7944 2674
2392 5255
1904 8586
7457 9527
9824 6423
7057 1395
5126 6847
291 6654
1951 6704
5661 1411
925 9200
882 5694
4257 7141
4793 1038
2380 3837
7163 2438
7092 5450
8079 5376
866 3134
8121 200
5148 6116
5287 3921
517 4899
426 2604
673 1887
2142 7202
6144 4010
2698 5768
7938 4732
9872 8757
1713 1459
9665 3684
3846 2358
3145 9456
5214 664
2287 1132
2208 3753
9487 1086
8701 5196
2647 3064
3794 5802
900 9332
8006 6681
7532 9723
4531 4264
5768 6844
5137 635
3814 7080
212 3518
3229 6347
5151 7826
4534 4607
151 8573
246 2148
6324 9146
3094 9563
6381 9163
8435 2840
5 1674
695 5228
1462 9059
7666 8705
6091 1544
7501 1240
2479 2976
7054 3616
6332 8019
9464 6395
7348 5036
5116 6836
6957 612
6069 8961
9389 1257
3064 9514
6428 2352
4345 9716
4923 8889
6177 7052
6707 5506
9755 895
4798 3554
2613 1269
6768 9246
4961 9044
9333 7756
4340 1804
9636 3869
4832 3140
6248 284
7333 8005
5055 1943
4967 8783
8477 1586
5394 3806
2387 1372
7036 8274
202 125
720 3239
456 986
843 926
5780 4938
2401 7220
7582 5522
6400 1225
791 7029
9350 7499
1112 4307
4022 2030
4594 176
2002 5235
9037 7829
5166 2867
5543 6247
3358 3155
5789 5624
3300 8635
6711 8480
9379 1572
6377 2186
4185 8467
7144 1939
6943 5527
4452 7627
1185 1599
6369 1080
4065 4738
6041 2154
3935 3619
983 2472
7926 995
1916 9670
6675 5810
4537 3680
5730 9597
1926 747
7910 9714
7319 1354
3089 7353
5112 9965
108 1772
4109 8288
1424 85
2753 4128
2034 931
2407 9373
9058 890
9278 4438
473 6898
6218 5252
1731 6502
3568 5742
7774 6373
6654 5125
2882 3421
9230 8188
648 538
1858 7633
6025 8474
6926 9185
4535 1512
7558 2640
9366 644
8818 5636
1807 3253
3822 352
59 607
9994 6506
8424 9183
1368 3576
4010 6462
2104 2325
9551 8756
9291 2056
2419 220
5894 679
1059 2395
7416 1152
3318 4534
1807 8674
6272 7228
5561 9297
6452 8653
5015 2681
8500 3469
4756 9527
2875 9539
1866 4046
1754 3690
7179 9418
1106 5221
9746 9700
9787 2907
267 1049
5220 7796
4335 5575
5467 3413
4845 8433
9947 6697
8361 9588
7308 6846
9237 9324
1590 7522
5683 1184
8906 9601
9738 1983
7460 8510
6541 1388
8510 2967
2372 4301
2449 6844
7589 2431
8887 122
1701 5942
4942 8717
9111 8546
3230 444
1443 2296
7010 9052
8788 1181
2467 192
8302 8447
7229 1519
3705 5803
4272 9325
3878 9112
5059 9491
1637 6450
5671 6041
3613 5018
1031 4476
2028 1749
3207 1807
8169 8526
4007 9430
9405 7968
6182 6795
2445 6941
3137 3216
3511 8050
2137 8264
2469 2350
2913 3979
2078 9573
8518 8151
1185 4965
9969 9114
7551 2864
5134 4977
7287 1032
564 5855
3703 6951
6613 6693
8268 772
3616 3468
6325 2901
5660 2661
9315 1956
13 6262
7698 4059
5542 9435
4836 4059
3966 8329
9924 4969
4579 3668
6377 1792
1838 1392
7098 1534
3828 7138
2658 9543
6701 8665
4516 5322
2162 9403
6645 1413
4156 2460
5374 846
2359 8834
8413 9118
6271 6920
3746 1807
6069 4328
3515 3746
1527 7355
6309 8925
5271 6799
2520 7616
804 4346
6430 991
5558 3848
4291 1633
5937 7579
4394 3163
7838 4816
6397 3263
6254 3332
6528 8271
527 8601
7081 2446
7682 5615
4855 4710
2644 8284
5335 1299
4856 5711
8893 226
4948 334
474 7994
7552 8799
8755 2107
5825 7516
3149 1488
8272 341
3147 4315
1330 6468
9121 7965
8721 5936
3557 1121
3352 6871
7148 5222
2423 1599
2048 620
3769 7613
7043 5332
3101 1271
8089 1046
986 3567
644 9558
4145 2521
4765 7116
3578 9754
1269 3088
5625 3024
3011 2470
1200 924
2521 5467
2390 1810
3858 2206
4112 3219
2340 5750
2415 6124
7516 3751
9156 2617
7188 5148
8447 4697
6055 4103
8842 3770
4428 5089
1973 4067
4922 5810
1548 5744
7893 5641
2260 3491
6027 8714
3067 4347
4039 2944
1281 8811
4363 7861
9493 8039
2199 2480
3795 2549
6536 2122
7966 1766
2663 7972
7277 549
5302 906
428 3239
1127 8192
4896 2020
175 6861
6117 5914
8301 6265
7650 7672
5916 9628
9556 5271
6335 9162
9539 5250
1483 5105
750 5664
4460 915
9717 6335
4012 6118
9210 5755
4058 1479
16 4813
6609 101
9709 6945
3298 747
3173 3121
3161 691
2363 7053
5649 200
7839 7527
2095 7246
9874 4415
8682 7788
1022 3775
9702 1673
9798 9299
4184 8580
7572 2240
6461 8170
1122 1087
2580 2599
5321 6318
856 1921
4239 4891
8099 8610
287 6996
8898 2915
2876 7268
2149 2721
2640 8153
5360 6871
1590 8518
8059 4392
990 3779
8662 82
333 8328
7581 4165
2963 3299
3458 471
3114 1814
5140 9543
1882 1492
8686 4908
2532 8848
4879 5442
3625 4771
3585 5455
815 1449
3922 9135
9672 6303
8682 197
9227 8726
5153 6707
6193 5477
2644 8392
691 8322
2496 4395
7759 6309
4516 769
434 76
2914 9601
5032 1787
9420 3973
5505 48
1125 8688
577 837
7382 4767
2023 8447
2101 3831
9693 8629
6509 9736
329 592
1215 318
8968 8849
6051 4607
7703 2572
9854 40
4688 4768
9599 5123
6155 8515
5125 9878
37 7429
8348 7974
5954 5482
8621 4622
5294 1321
4017 5018
5136 8978
1622 1277
5199 480
6328 9501
2179 5313
1935 6532
2912 2405
3525 1291
9312 2072
6860 8166
7242 6432
3314 338
9864 3671
5191 4818
4264 5248
8736 8978
1759 7365
1210 101
2362 2973
3010 7246
8540 2448
7605 3834
7389 36
231 8128
6890 9723
4183 9192
7883 7281
2874 7939
3022 9338
5571 4165
4462 5097
8988 8416
7294 1996
2028 6866
5792 9058
1735 4380
3455 5536
8099 6311
8731 8202
7947 8258
6955 4383
5960 9608
2044 6459
7481 801
7554 5729
3453 7430
1837 6280
913 9803
1343 7183
3333 5723
8099 7960
3395 9803
5369 4248
6873 5208
4716 8163
6767 9010
7530 3557
3501 5196
3849 1425
4915 674
335 2978
7825 2599
1468 57
5452 3590
2186 5445
1550 9014
3125 6760
6999 5457
6858 9002
3147 88
7597 6678
5018 6635
67 5208
8678 941
7054 7594
6640 5996
7641 535
8149 788
6630 4175
7374 5798
6659 4302
6692 5302
127 9783
2242 9495
4864 7960
6396 4071
6221 932
9757 2377
5402 4022
4610 8019
6068 130
1256 4490
8764 6169
2366 4719
7370 628
9876 6338
6202 5828
1765 4395
2567 1997
8582 8937
5051 1798
1918 7302
5445 3918
8334 9792
7831 1754
9243 7338
1340 5397
6605 7531
1789 6776
7712 3404
7848 4347
2001 2228
4159 9788
8348 5795
4085 3861
5488 8781
1707 2562
7123 1271
1105 752
3729 3006
4345 8657
3075 6057
3374 7725
4051 845
3227 2370
4728 3547
7863 2846
671 4441
2748 900
8825 16
9808 9270
1781 860
1044 8649
4050 3197
4256 5042
3003 9724
3890 1751
9677 9311
6293 2867
4285 7899
9898 6024
2855 4783
7063 8865
8964 1292
4807 8606
2409 3248
9413 2534
8381 1909
8258 1169
6054 2490
8922 5200
1636 8929
7327 9428
9624 8639
9503 5913
4739 2766
3645 4971
3338 9924
1926 8021
5239 6090
4247 3985
6276 3125
8077 5370
9458 6627
9592 9094
9070 5404
1503 2094
9195 5493
9317 3026
3895 3419
1049 352
1958 4706
9324 552
9387 2847
369 1072
7765 2444
5886 1661
9566 6848
5359 8159
8618 3452
6318 3712
1012 2822
4273 5114
885 3359
2469 949
1395 1741
9868 8261
7669 3771
4586 3619
2453 4986
6132 7449
3641 9356
8081 4588
3321 2235
466 5263
7487 6244
2107 8417
9832 9530
5383 7779
8751 159
2445 4228
3487 9509
4923 8139
8111 6061
6844 8606
9582 5738
6690 8316
856 4508
7794 3940
5287 8985
6602 2371
8754 6072
5355 5638
6302 6663
5058 7980
1238 2999
5167 6631
8612 3196
9961 375
1709 2025
1218 3469
1558 3860
7773 1677
9471 8683
9124 3712
4760 9928
9412 3535
3587 1292
9423 1201
9131 7727
218 9687
9485 9916
6848 9141
836 8260
9242 1596
6413 2050
9242 976
7073 575
6055 2265
101 3711
6123 9652
1232 9396
8324 2461
2564 2921
3781 2210
797 4703
1223 4841
5961 2941
6886 1557
3463 8315
4388 2881
7166 9396
5292 9515
3606 4187
5755 1773
537 9528
1526 810
5702 6539
1657 4245
884 7942
9978 6830
2878 8910
5201 4496
5946 3776
7738 353
6988 202
311 5512
8857 1821
5936 2950
9648 602
9494 4515
4240 5753
2569 4125
8554 4007
5838 5872
891 7759
8522 5710
2345 1467
2372 9698
3693 4487
1876 8120
8145 2405
4386 9594
4048 286
6686 3888
1790 7820
2359 6473
5423 7424
6704 6760
9337 4814
4304 3567
1915 8141
1329 6831
3689 2189
4879 2735
4064 6843
1445 1141
835 2901
5646 4839
187 7178
8912 522
8403 9559
5671 8766
8781 5150
140 1028
8924 6975
5307 4099
5159 2061
6101 6108
2261 6347
6646 7670
3369 2084
8732 9640
4932 4033
9206 7986
1191 7967
4857 9683
8627 7301
1341 7607
9667 1489
5927 9273
7370 9793
3158 2236
5233 4951
73 1458
3453 12
8240 2837
1201 2693
1748 140
7153 9107
9161 2775
4209 8847
4322 7188
5253 1937
4938 2700
1961 1789
2113 6454
5297 5944
1381 9270
1953 5527
1862 2153
9501 8633
138 3263
4297 5801
1617 9933
7349 6859
9316 7864
360 3442
208 3373
1667 5198
6216 7080
6105 2950
8091 2255
4820 2771
8286 6744
7248 6937
1125 5218
8451 1142
7719 166
2368 8121
5353 7336
9074 3387
4500 2567
585 9010
7235 3447
9455 3386
4739 4073
5743 9341
2857 7210
9714 5916
8782 1129
8095 5526
1544 9289
643 3545
6663 1804
4697 7619
2899 9707
1376 7601
8383 9700
3807 1754
7089 7224
1751 1066
8823 1799
5298 5755
5537 4449
4001 1365
9040 6169
1613 152
5999 5528
2093 4954
3894 117
179 5735
5130 7473
3642 7915
554 9673
438 6285
6259 488
8504 1469
4565 8580
5155 3193
8483 7055
5258 772
630 4818
3949 4814
9092 7988
5087 979
7619 3399
6840 5200
716 5413
5370 2413
7763 9022
894 3507
4711 530
3173 3888
5326 4269
7277 5239
3584 4544
3299 4319
4530 6150
8633 9950
5442 6096
4258 236
5503 4409
6919 1518
290 3230
8501 2898
2481 914
6343 2410
313 6816
4287 1710
7501 255
3202 1070
1766 1473
9057 7549
6317 5483
8201 3401
8022 5142
6298 1453
2804 7155
8121 770
5987 1588
6237 8925
1130 5178
2318 7156
7426 1219
7607 5946
1170 187
1386 6612
2291 4711
9256 3382
7880 8928
4446 6572
5053 2207
8383 9790
8331 620
2180 5670
758 7592
9961 9167
5866 3732
5399 7011
5762 1711
2102 2121
4748 4256
8316 9949
1612 22
1777 3319
3727 828
7544 6392
451 6067
1705 5553
7240 9157
5763 3156
2231 4245
5004 6920
5650 8657
1408 3326
4689 9175
1647 7761
6365 4786
5174 9792
395 619
8289 4543
5016 786
8573 9591
6043 604
7255 6069
6755 3599
8046 4214
8762 7105
9577 4338
2170 896
2237 3788
5610 8050
8145 7809
5705 1212
9205 1048
399 6774
9614 1674
9548 1307
514 1873
1814 5746
6381 2389
7359 4219
5091 7627
5505 6076
2674 9172
3780 2164
1845 484
119 6199
8986 1804
4214 8104
1654 3747
6580 6746
1124 9098
4693 4059
6359 7030
6830 8806
8239 9255
9538 6129
4175 8503
4943 4856
5105 5216
3149 3789
5923 7828
1071 3239
8339 2834
4070 9624
5340 1601
9254 544
7019 4047
3122 5481
8828 9803
6270 4641
3459 4811
3600 8661
5278 2142
5145 5333
1211 6073
2425 8440
8984 2263
4275 2533
2713 8921
6021 1284
8223 2766
1441 4942
4499 6423
8982 1716
9438 8246
1926 5466
5100 6388
563 9474
7378 7855
3769 1503
7276 9180
7890 6362
3907 1764
1107 5905
8301 1826
7102 9065
5236 6838
9815 3884
1743 9626
808 6768
2239 6668
2478 2752
3391 1194
7780 7817
6713 4872
6880 3269
5840 4650
8038 92
4480 5731
5032 1416
1422 7260
2969 9459
6769 3452
8601 987
9064 9866
6820 681
8576 4640
3800 100
5412 9253
8928 3347
6581 7810
5371 9345
386 2680
9892 2658
677 5435
4002 5362
3536 5109
340 3832
3638 2856
3951 2164
1866 9180
9949 5155
7021 9393
8911 7564
4911 3288
5092 3448
5387 1643
1374 6300
1782 5558
7879 2994
6863 658
2611 1797
5855 3955
5643 9428
5597 9383
5853 1615
1982 3774
908 8661
3514 6777
1830 8780
8863 7543
1342 9678
3348 2832
7015 1330
9481 7716
4733 3194
8610 9190
3548 8799
9090 2703
1141 7132
5535 144
3383 6811
1354 6762
7203 9915
6666 3769
9941 3396
325 7375
3026 6476
4223 3100
6454 8438
819 1446
9180 6234
5191 7942
4267 5317
2910 9174
9915 5211
9803 5047
4679 1516
26 1905
3262 2990
6274 8485
5309 6025
1439 3694
2490 2068
2665 9174
5263 6166
1918 9972
4129 6875
7629 8029
9357 4637
5387 329
8772 7442
5994 2426
6051 6271
3675 5365
521 7075
4771 5233
4592 803
1126 9150
2608 3941
7186 6198
8885 5626
8409 8000
2344 9211
6408 795
8146 5525
9150 8616
203 8933
5364 2268
8126 2937
6271 9481
6671 7379
4254 4484
6458 12
900 1257
4896 7434
161 5830
1376 9932
8241 849
4412 9170
6993 2309
9142 2361
6072 1190
6777 9434
7340 6641
2367 6507
2345 1111
2240 6706
5141 7979
2829 9628
4052 5829
7829 661
2336 3516
8035 5255
5932 5500
260 994
6051 2332
2575 3254
1695 7884
4168 4086
5180 1692
2525 5280
7707 1897
2150 4058
9582 1953
2546 1057
7624 9554
8308 9061
7151 2494
5429 3175
862 5786
5554 3246
343 7843
4500 3939
7549 8749
7668 9133
9318 2420
3787 6486
8655 2434
7796 9157
6648 4723
549 2787
1083 6831
6596 9067
7849 6515
7169 3506
2817 6630
1000 3122
6990 9183
8798 3188
8591 2822
4145 2838
3883 7619
7803 6911
2777 2434
1247 1833
7604 2022
1879 3950
2698 2287
1343 2489
3379 5589
4204 4102
9254 483
7386 191
3502 6824
1690 2787
7888 5211
3855 5795
5913 1446
2665 2244
1097 6124
365 7840
131 3408
2728 7227
7811 8469
1101 3578
1541 2571
6845 1218
3669 2286
9919 3614
2116 4333
1 5177
1532 3532
8855 5902
5911 57
6072 984
6481 2938
2115 7281
908 7892
1488 8667
6997 5035
2413 197
1754 3168
3870 3796
3772 9554
363 7148
484 2184
8664 9916
7833 8694
7120 362
8915 9633
2015 3562
3561 2749
2279 7631
9921 7135
2242 7654
336 6298
9495 2873
7202 9164
8286 49
7763 5897
9251 7996
1019 6749
9021 6795
2279 9458
1079 3692
690 561
1463 9186
3296 9320
800 3101
2430 4364
7001 7601
1601 3540
8756 1462
4484 1389
9206 5040
8898 6948
7063 4478
6778 2147
7972 1749
6526 213
4728 6875
2357 39
1328 7244
4513 8311
7140 8929
8331 2282
4057 7167
585 9334
7836 5952
3416 6068
9639 2763
6047 7055
6115 6900
6721 3055
3581 2318
9625 4602
2977 675
5809 6792
7778 3462
5663 7660
2354 9693
1801 3468
347 489
7094 5177
2170 2473
3724 7431
2507 6458
21 3403
1161 2085
3435 1745
4516 6363
6527 7916
3994 4062
4473 7635
6279 7032
7393 1269
9937 8244
3188 8969
964 3779
3991 9517
3510 4717
1128 5501
1233 9371
4349 8689
5100 85
4743 3913
4066 8176
5861 3394
542 9099
5213 5425
6586 9886
2581 5250
2120 9550
4974 8950
7672 4756
2023 9397
414 7076
3763 3267
6360 4602
4340 3343
3825 6126
2456 8202
3193 3457
9691 4327
5898 8461
2594 4853
2011 1268
2665 9415
995 9521
3632 1401
1077 2968
8811 3885
3301 2341
235 5596
8289 9014
6327 1933
9022 4839
7956 4797
2162 9025
1202 1687
6075 2863
6719 6601
2117 2494
9514 7149
9205 5921
1856 637
6824 846
7177 595
1431 3956
7562 2165
7019 1124
8658 4565
6114 5521
8005 8005
5630 3173
2146 3722
8244 6101
1063 8585
8839 3484
641 7325
2997 9008
6007 7948
6661 9986
6272 552
7907 1618
2934 7001
269 5516
7214 7451
7586 2062
8467 4392
7852 5243
878 7910
8603 7194
3817 3022
8181 1709
1152 5460
4598 1763
1294 5859
7170 2499
4493 3649
1895 5512
4229 8404
8066 1373
8421 9459
6758 466
4756 9295
6225 8372
6217 9459
5460 5818
8035 6236
1524 4823
1641 6514
4661 1714
9521 3951
8794 6096
6213 4102
4388 8790
914 3855
6585 9948
6456 3853
2249 7873
370 3756
9759 9956
7919 9650
1192 7180
3992 7087
9581 8642
5362 5475
5394 4579
1782 3834
9303 1717
1661 6641
4042 4522
6716 3831
5299 806
4266 9304
1785 5629
641 5373
164 6543
8877 7247
8800 8511
3705 1256
6363 1466
4956 5317
3805 4207
2623 570
6435 9923
5266 6635
5313 7335
5423 6172
7709 5473
9095 3740
7579 6987
4874 7543
6591 2111
2367 3762
5561 4377
487 6486
2989 9789
7456 2589
7159 3157
5330 1474
4901 3988
3096 3741
2065 1973
1271 6858
7614 1181
6987 7726
5165 6872
8079 597
6678 5660
1757 9534
4173 9709
7040 271
8907 8562
1158 6245
127 6423
6441 3113
2008 8464
8193 1763
322 9358
4061 8650
218 1957
1724 8641
8119 299
6572 470
5885 1528
6626 3778
4483 1348
1939 6624
1628 5564
703 9197
6915 4420
3872 9432
3858 8658
8535 3578
7381 3274
145 4238
3867 2759
8449 8034
2555 2188
5929 5714
868 7790
9282 4915
8684 622
1904 1213
8699 9973
3141 8935
5443 1039
3057 4574
6337 8740
8860 1746
2615 5488
8347 7276
5282 4692
4324 734
4409 6728
9672 5232
7600 5127
5684 7019
7925 1597
8582 7335
9824 1183
5268 8334
5447 6721
6964 9574
1192 914
9938 2976
324 4833
8108 504
7841 9130
7947 4298
2190 8202
3307 9293
2822 6680
3120 7713
2114 1516
8177 4540
7841 7130
7950 6316
6228 9084
9486 8012
473 8759
7045 851
724 9686
8160 3281
3620 5544
6865 9291
3704 8616
3741 2056
86 5151
9871 6303
5484 6979
1354 5882
6219 7298
6867 180
5735 4194
6648 6283
9874 894
8459 3926
390 9172
7074 8999
7159 7813
8825 1798
8706 1856
375 7432
7043 1438
2126 6978
51 2177
4266 3736
4618 4446
8421 8382
5934 4644
537 2922
4634 3883
9680 8342
9059 4933
8022 8761
2884 5421
7520 6902
7904 4172
2465 6458
6152 8829
7045 9087
2690 2070
1804 2442
4408 1376
8217 7980
1443 1193
3696 7228
3137 8279
4993 1516
143 7127
1422 8792
3466 5073
4733 3541
6979 760
999 9018
7481 8021
8738 7940
722 9061
4911 8212
329 8340
9973 9050
2633 2082
4303 201
2408 2040
430 6890
1556 6660
4407 7925
916 642
1410 9678
1258 3190
7604 37
7138 951
1011 7759
152 3884
7491 1080
7651 184
3342 5870
6538 4565
5877 6693
3499 3200
6289 6866
8957 2806
3597 2468
2469 2183
2083 6535
6580 6464
1704 5987
5734 9229
7397 9822
4638 3136
1597 8235
2784 3491
9850 486
1664 7770
9379 5314
5366 8515
8664 7004
4960 6314
7440 4494
4698 4941
6560 545
9245 1838
3766 1059
2429 9007
5274 3762
5708 5759
7287 8697
3794 135
4568 9962
9827 7650
3736 1057
253 5282
3964 9664
4089 6290
3447 4385
2506 8495
5057 4654
3617 6460
4248 9992
5814 8457
9504 6060
4054 338
3510 9265
399 4171
363 1787
9111 2879
4670 7049
5699 153
5447 506
2995 9374
5996 5854
4696 121
1146 2259
9958 3847
6407 7985
4076 8248
9847 2649
6136 6222
2525 1385
2810 7627
2043 3599
9173 8408
4895 4071
8274 2684
5483 4693
5588 3459
5804 1160
8141 8109
5926 2905
9318 6219
2887 3902
2278 7619
1857 8656
4106 1111
3496 3847
8411 8216
1770 7581
1029 3169
585 9801
9190 8676
2206 5497
1890 6057
7300 1823
6525 192
1369 5740
542 6085
3793 2831
8043 419
3407 6286
6776 8030
3793 2974
4644 1903
6926 838
6222 7156
8503 8999
8023 1108
8499 6342
9348 178
924 2070
5795 5095
4421 8123
256 5376
831 5697
1305 1589
452 5320
9293 5703
2914 6001
1109 1232
337 1217
4700 7204
8324 1434
6715 4543
8175 5324
5970 2259
2809 1382
1290 7599
7779 5560
4843 6661
4176 1901
9301 316
6514 9842
5368 1856
5874 996
1184 7939
5814 5398
7282 4812
7671 178
7669 9737
836 3291
4095 7024
3732 5839
8135 9951
4377 4539
4072 9962
5131 9797
3104 5447
468 7659
7064 6002
6849 4355
6841 1152
1496 7713
8297 1254
8893 9815
4103 3678
6333 7924
6788 6755
3412 7091
1271 9489
1356 3947
7719 891
517 1562
9933 6434
4591 1483
1901 7702
999 6188
8326 4105
9495 2815
8129 8737
6960 710
5079 8349
7014 2723
1252 3762
442 9814
8661 7140
4875 6908
7033 2243
2239 5500
8484 1532
1630 180
444 1231
6493 154
2521 7141
9942 977
6730 5485
5574 6049
6665 9678
1920 8978
4536 979
350 9068
2611 4595
8781 7809
6417 8125
5979 3009
9288 2657
8428 5302
1941 9281
9332 6432
962 7417
7357 2289
1534 797
872 3271
5590 5321
3691 4776
1638 3850
939 2586
9061 3474
2557 3565
7844 2760
1824 8971
7576 5351
7112 2439
4339 6196
1087 576
8992 4081
6322 5172
3984 2568
5470 7523
8737 4595
6548 8189
2805 4794
5771 3614
772 3540
1542 6765
9002 3732
4573 4698
6397 9125
8265 8515
2664 2325
5347 959
5911 1389
2520 6711
5982 3252
9626 4398
6616 101
975 384
8809 8521
240 2420
2781 7144
4800 1083
1604 4343
6802 7716
5992 3840
9178 8106
1736 3646
9806 6309
15 4925
1289 664
6563 7612
9324 8042
4605 1362
1643 210
4969 4291
6541 3500
2520 7049
5663 691
8786 2673
325 3871
9766 3220
7153 2136
8755 2231
5182 57
6453 5922
6643 4401
5706 1687
6336 8101
2547 5701
692 8666
6582 3675
5547 1838
1828 4434
4262 9506
428 8737
4702 3346
9788 834
447 6490
1491 2928
6745 3882
5326 3551
6300 3611
4345 4693
9357 8891
4734 681
9739 9810
2340 2616
7622 8391
5242 7419
3064 2026
1391 229
471 6202
1969 439
4104 6885
3883 2531
7483 6004
6006 4433
6221 2405
455 4634
7015 20
7767 9116
239 6448
7164 2426
4076 3076
6740 3757
6996 5391
2746 2525
4130 4599
1697 4934
487 38
9443 738
8282 4805
5651 8373
5202 5537
4928 5522
2778 8560
7823 6484
5005 4357
8161 7234
8373 2895
9247 3698
2406 5704
4980 1638
3675 6375
7088 5392
2991 8175
8874 6658
1529 2100
7556 3676
4572 8823
2986 2557
7915 17
7723 5677
8308 6187
1531 168
243 4411
4272 9828
9953 6589
9582 7580
7994 9741
987 9340
7282 4981
4636 7116
2529 5882
7270 1912
8091 8949
8659 5398
3414 1305
1961 9253
3873 9389
9587 2279
8567 6262
2620 8373
6058 4706
3779 6113
1858 368
9913 3871
7269 1563
6041 3131
5501 2796
5177 6078
2332 473
2339 8423
442 5698
9990 4074
9310 9358
8402 9578
4923 4655
4768 4938
1769 582
8682 6646
7606 1659
1240 1920
5409 1259
8219 1760
9825 2113
6207 7543
7518 4404
7392 8304
2290 6808
5876 9315
350 1328
3224 4713
5446 6252
5492 5129
978 1366
3333 7044
4940 2572
286 7202
6334 7035
5416 2901
2035 3224
1274 1291
5004 3487
2458 2803
8766 1113
2659 7904
6066 3294
6868 8676
2781 9622
6588 9019
7366 6997
8309 3590
8654 8061
8884 4576
5453 701
8195 7273
9002 1564
7823 6306
4055 5059
8678 4618
9383 650
1034 972
9189 8294
5288 1437
6634 7020
8383 2721
4548 5339
8835 7220
7942 6772
3585 5501
198 6028
4793 2633
3917 5616
4711 8293
4585 4873
6025 1300
2909 4771
7211 3893
6930 7022
4807 6475
9289 4076
3368 9640
8078 6235
3556 5005
2228 3322
3822 415
1221 6635
611 846
2924 8717
6904 4074
4677 3036
8149 1815
6013 9282
1560 2191
7826 9687
5085 7103
41 2822
677 9945
778 8244
2803 287
2153 2612
4447 3229
5475 117
8347 2159
7276 7217
6839 9775
27 2762
4186 613
5324 359
5429 2022
1441 206
8360 3147
1714 5015
6136 6729
8837 7011
433 845
6933 7298
9259 3215
2168 3907
6074 5734
2712 4467
5734 9231
443 160
7310 4280
2628 7779
5066 664
2242 5308
466 6256
4207 1994
8773 1673
799 9026
8557 1519
8666 3350
5588 5844
4509 4140
1277 832
7961 2937
9490 3829
6387 8268
2849 852
2455 6056
2531 639
9964 7534
713 5533
4357 8030
9355 2205
2381 4236
5911 5855
4840 1540
6991 5217
6511 7128
502 8804
6935 9052
7317 7723
8392 4281
9687 7805
5948 2979
3446 1047
8014 7782
5436 8457
6360 5496
4666 5851
6564 4526
9879 7994
1419 3834
7996 883
9690 210
2846 418
7600 9620
3539 5827
1282 2184
4619 5798
4400 2210
2447 2240
4972 628
4779 7077
6457 6296
9734 364
1554 1237
3072 7865
491 8623
2567 6706
3379 7117
4632 2249
5415 2655
8985 1728
8284 6357
9288 4557
2841 9811
2289 5525
1855 2845
5128 4367
1776 7836
4141 8918
8606 233
6043 2622
1478 3452
8815 6730
1332 9816
9022 3296
1019 2534
8416 8243
4244 2719
7208 5890
8792 1709
1316 9369
8540 9180
6488 3615
7122 1254
9415 5092
5397 1686
7 4827
4366 8715
4804 146
6208 4917
6414 3491
5504 2319
9830 891
7988 1340
7333 7757
8598 2583
9232 7744
5213 3357
9978 6503
3379 694
6572 3155
5899 1043
5537 1096
8762 3221
7703 5185
9831 4280
2358 3255
2058 5165
7142 6817
4807 5297
1928 378
51 3213
7038 9783
7797 8340
4767 5653
3563 7378
4606 3361
1974 5472
4589 5702
3718 6630
5063 464
5282 7319
1405 6995
5876 2143
6748 3008
7621 5621
3602 2682
197 8108
984 8282
247 4566
1745 2849
79 1882
2318 7629
6178 3032
9973 4360
4690 1851
8308 827
8317 9945
9855 525
6698 6731
6188 7029
8581 7289
4270 8608
4853 643
8659 354
9680 9947
3701 9597
5051 1453
9344 8258
8883 9072
1324 3141
920 7117
2595 1611
9234 3062
3804 5198
831 3334
5367 6051
6573 7632
4578 7631
258 5135
371 1690
1422 8261
6379 1436
7339 9713
9049 8275
5856 7696
5373 7188
9467 9020
2254 4917
2104 5850
9351 7273
6443 9507
5827 1054
1632 2809
7283 5497
5365 6484
1637 8262
2004 7485
8320 2750
646 4208
9828 3346
6211 3023
4810 2246
9829 7628
1992 8751
6342 7348
9577 9862
9364 8667
3680 235
8899 1756
7080 9425
2987 6002
5440 7196
5414 4917
2358 5333
4306 2413
3577 101
7321 9687
4109 8182
9290 761
7351 6011
4619 947
3198 1915
7015 5527
2443 5157
7066 1038
8167 8851
6699 1387
5222 343
958 8160
8731 1986
7872 3325
9447 7949
3431 2695
3276 7036
1307 5851
6278 5377
6887 7771
5453 3988
2967 8852
9949 2339
5069 8993
7721 1832
1110 6276
6263 6545
7715 4998
7423 9320
8328 3446
5277 119
6828 3289
6767 1415
9209 3122
3303 1405
9729 1128
5535 1686
3998 646
5223 4590
86 7052
3965 2002
6321 3155
7398 3046
3975 3417
4917 1618
2125 2665
7558 2733
7233 1439
3428 9257
756 480
4741 9780
9162 6180
4346 9333
4989 2089
2426 9851
6139 195
1038 738
1684 8977
634 6207
1573 3283
4009 3585
2421 7336
5209 7498
1982 4567
2743 2902
484 5322
8293 8595
3288 5851
8784 7470
9886 4976
8291 1968
5407 8493
3979 569
5276 5825
9719 326
2836 9893
4620 7072
1953 4746
5619 9096
9372 119
4722 3509
1781 3552
9676 6319
7959 8860
2577 4828
1766 6233
3658 2675
8718 3484
2033 2462
8260 7334
5069 8965
8831 9383
7462 212
1296 3754
4248 1556
8805 4430
9041 5761
5852 3603
8271 6101
6234 1360
1478 1413
4873 6912
1933 2817
9781 4826
7203 585
8206 530
1409 4487
2566 9866
9117 3417
3584 8583
34 7389
2377 9277
6510 514
4912 9455
4612 606
8953 9631
1820 892
5879 8053
8965 9815
4313 3773
163 3364
6157 4159
5415 55
1736 781
2317 9110
9815 9353
8188 6705
4086 6922
6416 5568
5759 730
5555 7706
6922 85
246 6908
368 8743
3743 5786
5309 1439
7047 303
3282 9001
4397 7018
2511 4283
6072 7109
9072 4619
1088 2112
4860 4913
5284 9863
4165 2739
5897 7262
230 9373
1645 9621
3952 1677
8955 4932
5540 5835
6982 2572
1218 4122
8079 9739
1612 4476
901 8994
6917 1209
5422 7258
3774 8848
2472 7034
7855 9408
8578 5600
125 9263
6085 1600
7296 4163
4862 5649
2461 2462
9758 4122
9345 3897
676 4262
4236 6935
450 2633
4951 5163
8201 6948
4556 3190
2220 6391
8941 4
8820 342
3631 4255
3097 6027
9668 120
9104 6884
3996 6892
9850 4698
465 5070
271 9960
127 9965
4930 6716
2332 2315
4800 6247
8556 2191
3376 4237
5523 1898
3345 6842
1179 1536
9101 2958
4489 972
1347 8259
6618 2460
8376 5060
1091 321
1716 2532
1036 3314
6657 9220
7615 4251
2173 7585
2472 5598
1287 9622
1605 8629
7051 8984
6316 7864
7837 1509
5234 2843
8269 8646
3150 1327
4753 771
2039 3449
291 105
8949 7124
3423 3318
4938 1482
6109 5728
4098 2030
3930 300
2544 6819
7507 6672
6666 6199
4107 2914
6191 9888
4498 7814
9970 2359
598 4987
7865 5491
5627 957
1368 101
1150 5008
7853 8773
523 9934
3997 579
3587 985
45 8984
4437 1816
7275 6897
8449 4426
2932 6170
3087 5271
2202 6210
1145 3106
4979 8749
7930 5252
7092 4054
711 2410
3546 8917
5726 6462
3227 9459
6793 7220
4280 9626
4652 8850
7654 9109
6473 2892
1772 1479
1448 3281
71 7617
1332 10000
2391 5357
9172 3403
8045 6063
1084 7606
2424 9669
5139 2517
9076 5566
9350 6652
2870 1710
6450 7743
9414 7614
8923 972
2962 1622
5651 6769
3204 9856
4297 673
7268 7961
7508 3430
1957 8936
3265 7486
3548 4468
3431 7099
3784 8881
3003 9575
6044 5818
4488 304
5482 958
948 6722
9352 9373
2310 8880
254 3929
7231 3828
6379 4119
4625 1941
4507 2062
7917 3561
3713 4036
4678 3392
2665 7993
1254 3838
861 1495
4865 6437
6074 5265
5589 4720
3664 7360
7938 5461
7032 9065
8890 8681
4116 6810
5866 2911
9055 7266
3476 6681
2599 8791
443 5421
1933 7246
7371 1885
822 1096
2416 7818
7368 5935
9155 2364
3998 6780
6295 3399
2814 2237
7499 174
2861 308
7311 1731
1982 6537
9114 5128
3253 1864
8772 3866
5688 3461
2803 3484
2724 7574
2633 1142
5172 9188
6217 6595
1611 4899
37 5397
4265 6058
2954 8768
3226 9227
2455 5313
5223 8990
8269 3267
5340 8876
9330 646
3351 3574
5599 4783
9354 5406
8605 6519
5116 1429
1574 178
9687 590
4183 8216
3014 6133
5148 4469
1070 2155
7850 5056
3707 6557
9432 106
9911 8340
9749 9176
6119 2122
7397 9979
6234 4738
2624 5449
4243 4598
7306 3296
6000 7608
3273 7827
8978 5610
3784 5838
7012 7998
5954 4975
6574 8346
4552 990
8637 8467
5169 9311
4172 7086
4899 423
1192 3888
5749 8527
9884 6880
8981 6080
8005 4572
8712 7229
6330 8943
7580 5964
2727 4748
8674 2423
1778 2042
3690 3129
5672 1781
5075 9575
7458 5037
9989 3225
2953 4065
8292 8220
3420 6054
3040 8671
6928 7228
240 8129
6928 6525
2892 7123
5460 8725
1451 9562
7588 9805
6746 8991
9580 7720
7081 3443
6670 8429
8833 7417
4793 6884
1433 6008
2979 7249
307 9558
9220 4577
9478 6459
9322 6874
4237 7397
6898 1500
6337 6994
2689 2850
3412 1827
9727 5514
930 4740
6812 4239
6107 6389
2008 4097
5551 4322
3249 7523
3669 3020
2665 4505
1943 6223
8175 810
8705 7659
2526 2839
5290 246
4657 1837
2069 4099
4068 796
8963 4168
9838 766
4040 8457
9959 1566
7983 5512
9565 2703
6426 2033
2100 8673
9474 8450
419 7523
5994 9430
6143 9679
3589 8222
3967 3290
2595 634
6397 4018
6609 7698
5559 9041
759 6930
3529 3277
1057 3751
6940 3617
5892 2156
2695 9539
2116 8959
1325 942
6050 9878
7507 2586
3125 1861
5994 8047
4770 1130
5020 2697
4628 4902
7290 252
2797 3211
9351 6543
6490 1239
5747 6742
5321 1850
3709 4935
6077 6041
6443 9352
3090 1727
1380 147
2788 2812
8261 2839
244 7220
1791 2126
3443 7067
108 9700
5580 6110
872 7016
5630 7089
2201 8333
4983 4823
2946 4295
3932 7207
7186 1835
1254 4004
9096 9790
6882 7055
4611 2755
2333 1894
5072 9718
9532 2640
7147 671
493 9718
124 231
6925 9202
1305 3973
5144 3864
2154 5258
7623 9798
7321 488
9120 8825
3423 1782
3776 9464
9234 7710
1250 8323
9701 2733
2765 9891
3589 2348
2402 8537
6453 9393
4775 2904
5827 7744
8986 1770
5699 9598
2032 829
4003 8144
6091 497
2781 8085
5746 9798
7499 4315
3411 9871
8732 3357
7484 7753
1137 192
9512 8629
385 9529
6791 2337
8291 1789
5388 8070
2881 1470
7337 8009
8230 9594
8450 9258
7589 1328
8701 8408
5547 1716
8412 7915
4283 3297
8136 5887
3496 7018
5831 9297
7881 4295
8357 8765
863 2190
3576 2013
1235 1669
9476 3577
452 1948
509 1628
9139 814
9338 6935
1315 3741
6217 3299
8294 1362
5563 3293
8200 5242
5949 4432
5607 8121
1531 7466
2171 7303
5184 9275
8351 8727
9885 7332
1269 6545
166 6458
5566 7697
288 8712
6029 3972
3011 8182
6446 735
1089 6793
1531 8575
6771 2865
9738 473
9493 5331
1897 234
6646 236
5942 9639
3168 1695
4974 5548
9540 2122
4192 9925
3187 8649
4954 6624
7517 6338
9305 2696
4639 6334
3152 8648
704 8155
6030 970
635 1417
6948 8599
6615 2443
9370 5507
4679 4860
1226 3313
2278 9853
6863 5749
8675 1764
2773 4866
6281 8610
815 4983
2320 1071
1892 8922
271 5701
7464 829
4591 8607
5743 4459
7821 6616
8910 4204
8208 309
9386 3905
9697 6223
9717 685
5394 895
6902 715
986 2569
4894 85
9213 6337
4994 8210
2765 9574
7376 8713
780 4384
7864 794
1198 9044
5654 38
9284 9695
1514 7374
6398 8647
1261 4969
1059 3200
880 169
1842 3688
3667 8688
5013 7346
4859 7360
4211 8487
5326 1406
1160 1517
7302 8558
3011 3790
3355 6451
2567 8559
8695 2426
9217 2938
1623 5881
7442 264
951 128
7925 5929
9709 352
7266 4487
9681 673
8991 6110
1883 4891
5217 3167
5894 494
7502 5886
5279 6991
6413 5521
4493 1075
5092 510
2820 3705
6292 5104
9593 6257
4905 5185
5379 4262
9508 2969
5958 1291
237 1311
5917 1652
466 4364
3535 6325
790 1596
4776 3377
4250 6518
7383 1530
5296 1292
114 2369
5471 6738
5317 9640
7204 6912
5580 149
9483 6514
748 7365
3213 1297
9847 3593
2084 4236
3823 7706
3270 6443
3482 6662
7727 2799
4464 620
366 2165
7485 2377
1542 2207
8234 7544
4988 6368
9843 4353
4454 1303
5561 6315
8962 5804
2638 4042
1333 4684
3885 416
2399 1599
3259 5850
8133 7081
4206 1659
6270 4745
1461 5491
2959 5879
6672 6091
7793 2416
4266 5626
1923 2793
4006 2569
9770 9552
1520 2357
4384 5309
4043 5932
2029 2001
635 8544
2394 353
977 1361
9931 2696
1435 6651
2205 4656
1068 2801
1981 3154
9109 5589
8120 7900
489 9338
4213 1302
7483 2097
3811 2897
4288 7878
1300 6628
6001 2778
4676 6271
275 8061
7853 6935
5974 5543
3937 1711
7407 2189
8878 8167
908 7227
4745 3366
9052 603
1665 4641
5042 9565
5483 4203
8659 1324
8348 8036
5478 7622
2686 5731
3964 7980
7433 7721
3666 6172
1400 6914
8480 8483
2153 6960
7607 7059
5375 3311
5981 3762
3339 4610
6650 7180
5520 5741
976 843
8575 2708
176 9229
623 6264
4436 6490
5299 6777
2277 2308
2368 3253
3322 1467
1571 608
6024 5942
9416 5204
7252 9093
8279 2033
612 6954
3835 7622
3471 7603
8529 2088
526 1301
3417 4249
5392 4012
8466 896
3718 9801
5405 9699
1579 9431
9870 8894
3452 2554
7290 4298
8464 6672
8162 6810
8762 7487
5582 7130
2220 2210
3648 9017
3101 2876
1597 8674
1270 1710
3881 5949
9925 3525
31 7005
3385 995
1648 5332
6198 1423
9604 5867
6471 986
7246 1172
3220 1129
8218 482
4833 2356
6013 7094
7836 4172
1847 5558
8747 7089
7662 4025
8209 1541
7406 8173
5582 9676
9244 6848
1503 3847
5320 3354
3947 9672
313 3518
9095 9289
7939 1024
6495 5576
1994 6892
2994 7709
3808 6147
1206 5604
8504 8566
7888 6
3089 6924
9780 7722
9033 6229
2069 7893
2490 494
1584 9503
3502 6148
9404 1075
4114 2447
2436 2483
4186 9458
857 8446
9039 3326
8146 588
3401 2498
5609 6846
3615 2540
3784 8167
3465 8540
535 2911
8370 981
6076 2245
7325 4097
8975 9684
3057 1257
1818 561
1299 8998
4530 8698
1281 6458
8258 4105
4890 4426
5062 7637
3850 9259
3109 7252
9285 3300
1457 7375
9560 9891
62 8415
3353 7546
3206 2684
7591 271
7544 1264
2276 8388
3531 3349
7417 3817
1337 8304
9470 2021
4059 7607
3077 1415
9852 3378
489 5723
7863 9275
1779 4440
8881 817
8442 6830
9980 6676
3635 2571
9960 742
4276 7233
9921 5770
1724 5382
8925 157
1658 3716
5198 3417
2886 4768
5605 2676
9622 6315
5662 4979
8331 9014
4150 223
9378 7035
168 6850
9066 4459
5240 8193
2331 9060
9368 8426
8189 3070
1447 2883
6191 276
8959 5772
3455 2881
8791 307
5632 651
9450 8929
6386 279
9555 159
5398 4600
7597 3912
9231 4801
9274 7083
3258 7232
5994 5007
1939 2370
6869 9059
6848 9887
5087 7864
4993 6290
7138 2127
9479 2329
926 1795
3352 194
8890 83
9291 745
2816 7589
3700 1290
9302 1502
4704 3845
4998 5098
6902 7535
1248 3985
3215 4168
8233 8276
1777 1677
5613 4736
7947 2586
7652 7735
6240 422
9237 6569
4668 2288
4085 4099
5611 2033
8172 2564
3086 5127
822 9005
9206 8390
7369 311
5938 3034
4162 8566
7835 5527
5324 9577
7076 8560
6923 1019
9984 2594
5868 6224
6144 4455
6982 9922
213 4847
3728 6507
1744 4576
1360 3002
4924 5554
1431 415
7410 4281
7019 5652
8194 2544
2224 1190
8954 681
9200 4838
3255 8226
842 2122
4201 2098
9906 3796
9416 8441
2500 9517
3778 7968
5004 1684
4534 4993
8094 2295
5864 9123
5740 9018
3924 8052
3468 7375
7298 1903
7378 2489
1853 7384
3442 5267
9308 7979
3983 1184
9793 6823
8101 8398
2988 1037
4765 7712
3688 3971
6049 5072
8155 3492
1606 6315
2120 5948
3592 9794
4614 6009
32 7533
9153 4821
2902 2651
1934 5245
4381 2583
9405 6169
4644 8222
2366 7635
5108 7585
5681 3029
7847 8413
3434 7152
5099 5836
1064 2778
2418 1741
8796 8335
6192 7633
8754 4333
6340 6718
3228 5818
7038 9282
2483 5462
1204 7223
8814 2371
9355 8832
9372 811
2958 7124
730 5391
5415 8573
1728 2156
1066 7645
3669 9177
4546 8933
7072 4154
5527 3016
7298 3590
9937 170
9413 7291
1259 5172
2735 2968
5541 6810
9959 7350
7544 8406
5893 217
9897 5435
1983 1915
8529 4314
7368 436
6737 279
185 5999
6520 2356
3215 1728
7520 7529
2100 2157
6738 2444
3333 7444
1797 7102
9420 3232
252 8744
5343 3434
1514 8036
4295 82
7997 5785
1974 7599
2203 643
4137 2730
9174 8431
2398 6456
1220 6290
764 8712
4064 1519
3550 9711
5705 8503
1536 81
7728 9839
6412 3407
6456 1792
4228 8169
7227 1564
531 3506
2240 3258
1081 5497
7683 8915
2391 7608
3498 8559
9791 870
9382 6295
5360 8129
1509 771
4681 3984
1465 5315
1331 1401
7398 308
8534 608
9299 4750
7970 850
1033 8009
6034 2418
3848 6
4651 5207
902 6210
5553 6553
8554 7165
2129 6384
263 1403
5941 5775
849 8429
2655 5766
6565 5869
8735 6998
1288 5323
6270 6247
3670 9741
9277 9458
7628 5207
2854 7210
4457 5679
6454 180
281 2242
951 8608
3296 4287
6973 7598
6727 6871
9496 2426
4819 7934
3741 7733
1085 4359
1547 9276
9846 7011
2436 8261
1124 1865
3981 4595
8558 3146
4810 5556
8147 7881
8721 9888
8437 1973
7299 664
9094 177
2636 3084
7774 2447
9560 7744
357 6199
5593 4554
5345 7558
9337 3720
5376 5251
1629 6339
6434 914
8203 7721
9725 4068
4048 2164
1064 3607
9680 7777
7361 596
744 7886
598 6689
7130 8887
7122 4765
8068 3614
8143 5236
6599 487
4277 642
6055 8642
3136 2640
608 5039
2857 545
2826 8817
2592 178
9641 2915
883 3191
5479 8821
2464 1617
5276 4593
8112 2484
1362 1585
9301 2517
9683 2490
2384 7980
3768 2228
4404 3149
1540 7909
3985 846
3871 3254
1353 2072
9718 3365
3300 491
1681 2199
4388 7234
2330 5482
5957 843
173 3609
3326 6148
4111 5606
8398 9267
3230 7220
8392 4906
1001 7057
2010 9454
8073 5968
6175 6890
1204 1677
9984 6547
6511 4951
4648 3967
9427 1860
4615 6396
5353 7722
8651 6744
8396 4996
7994 3883
9462 5241
9428 1121
798 4017
7751 4874
6385 4261
2962 2348
2199 1389
3801 2013
9179 3385
7098 2214
6648 2398
5726 6210
6692 1671
5218 311
9420 9259
7771 2123
6520 9731
5712 2710
8487 3388
1092 9718
7072 8270
185 8992
9594 544
1871 4421
5762 3291
8254 3398
6853 9646
4514 8628
7408 2623
4574 2569
1938 6210
5960 8999
7175 3833
1061 7433
8319 4296
1483 8772
7358 4538
6216 1329
9614 7233
4779 9888
8810 3960
7915 1831
8466 4543
2748 3337
755 6253
5521 5285
1956 646
6608 7395
5998 9260
2358 2
609 9205
3556 1377
5332 5802
7770 2566
1294 5815
3294 3280
527 1329
9663 9581
8873 5613
5809 3152
9733 7954
2830 5492
3044 9501
4406 3573
3439 1364
221 4839
4587 6760
1457 2618
498 9797
7035 2286
1003 3337
8277 5935
6772 9249
3954 9240
3787 5449
2655 5818
431 3404
4413 3950
7453 1084
4757 6054
4193 8009
3762 7721
486 3247
8229 919
4495 8506
1767 1699
904 7366
8290 1538
6352 3588
4328 6095
2903 9474
8551 8415
9605 6243
7427 8664
9810 7682
3473 4760
7463 5915
8282 7398
4902 4390
8166 2692
5669 3752
7171 3778
7421 9393
8719 4776
5805 3392
6343 1746
7131 8018
3306 9644
3366 7473
2991 9140
225 8673
2486 8598
943 5311
4552 9664
6411 5436
2924 5190
8146 3337
182 6755
3185 4320
1925 3760
9987 2848
2778 5027
8926 6736
5412 3931
4685 1651
8527 2241
9972 5623
1249 4383
2760 9685
4351 710
5337 3491
1167 4782
8592 4780
5492 9601
9875 5818
4965 2823
317 4065
5092 8374
9230 6707
5275 2819
38 8466
980 8910
967 8835
8269 3540
9589 1088
3584 8568
7461 4807
416 2060
5803 6975
616 9632
7001 2819
5841 4764
6832 5053
5397 8606
3454 2114
1509 2445
4669 9112
226 2204
26 6055
1812 2412
6916 6278
6611 8843
9655 3483
2461 380
6409 9843
9985 8275
187 1867
7434 5032
975 7631
7547 40
5752 1261
6690 7448
1085 5832
6523 4140
7770 8548
8540 5005
8597 6198
6635 5698
8883 3850
5215 6077
5756 6060
1007 2164
4320 5067
3743 7199
5798 5575
7727 6971
3846 8919
2793 5230
2136 2442
1045 8924
5936 7170
524 3383
8725 6087
6944 4759
1823 3419
8081 530
788 152
8868 8445
3595 9749
7973 4915
1096 942
7610 8148
824 9696
6576 6021
6649 9838
6587 4456
4213 5742
4870 5977
3984 6241
7785 8539
964 9490
4801 4898
4201 1046
8613 8959
2528 2601
8215 5700
7909 2205
1679 5729
9230 6169
3655 508
1895 4886
1607 1973
1065 116
1835 8313
1164 33
2211 106
2223 4829
623 4384
6385 80
6577 9326
8789 9871
6373 6197
9866 6074
5258 8999
2745 9568
8878 4456
5116 2887
6742 6995
5381 5362
953 1536
7132 9345
8128 4982
1035 4601
3928 8635
8293 7505
8729 79
8391 8792
6887 1032
1695 9669
1083 9646
8476 5993
5676 7864
9697 4599
2701 1024
2648 6368
3461 1915
557 9144
2531 8701
6633 3932
2309 7783
8243 1099
3164 6817
5705 8278
9453 1970
4105 3209
8035 3263
4385 8863
7253 726
8077 732
4219 4161
4134 7025
9739 7398
4117 2783
4897 1519
5647 902
3706 1960
6810 8415
8530 5121
7118 8569
2565 6976
2705 5042
2200 1289
7627 6502
6360 2993
4761 4311
5379 8943
9898 7021
5627 894
6273 6966
4524 1527
8091 9601
9075 3421
793 6285
508 9923
2831 2710
8120 9422
4505 2808
2973 9045
3667 7372
9422 1675
9741 7554
4193 291
9119 2849
1535 2343
2025 1464
6226 1057
2647 2813
2965 5406
8495 3004
2518 2167
4266 9608
5790 6202
614 185
128 9998
5726 8780
4709 9093
1342 3306
5141 1744
6702 9495
8714 3761
9646 7385
3670 3879
4468 7070
4531 9591
284 3470
3691 8396
8382 7631
8037 4940
8466 1743
1562 5661
8225 4171
9879 5007
7686 2832
74 613
6564 3446
5413 8543
5248 8144
1189 8805
9916 573
2561 3164
7084 7818
3145 2304
4186 990
8314 1410
4399 8644
9601 2911
3055 269
6097 8190
1756 5016
3744 7721
4881 6553
4471 7876
6800 3377
6147 4754
5680 2745
1197 4235
1059 8217
5755 7954
7930 7119
8660 2888
3959 5042
938 1079
5971 9880
1255 5323
5611 4846
1111 6684
2837 7209
9440 3072
7424 5035
457 236
3018 5310
3770 6816
7873 1573
2377 5973
5138 8167
460 1568
3800 9725
9740 7429
1283 815
1102 7088
8974 8850
9389 5000
9345 1334
8823 4954
6350 9523
7116 6188
5258 1699
31 5927
840 2343
3487 8232
3309 2239
5296 7262
1130 1442
5792 7761
3442 300
8467 2633
8911 6192
4877 5629
6257 3980
7100 100
4722 9370
8105 8643
564 4567
5758 7144
6936 2025
8070 8158
2546 3851
5729 1004
5343 9936
3864 1254
2538 3534
5708 1976
218 9063
8141 5589
2992 6276
1046 8864
5198 8345
7242 5023
6931 6653
5541 4038
3306 8821
2542 8390
8210 1555
7199 7616
5528 8380
2591 5500
8579 4506
9873 9402
5466 8325
9249 9028
4847 6111
265 8353
5283 5790
3964 846
9595 963
8947 8598
5061 1043
1256 8746
8491 7810
7342 3421
37 1179
6897 7899
9383 130
2739 3755
7816 999
5710 1254
1471 3230
1894 4606
4612 1264
3453 2467
9096 2205
972 7882
1332 2293
7270 2361
5821 9552
2051 7680
5710 6253
9512 4091
144 188
835 3116
9624 2926
6111 7475
6562 991
4917 6599
1202 7817
2323 1122
4691 7779
958 2924
6780 6425
2124 9028
9673 4884
3988 2480
4601 7379
3822 5431
5996 2980
7266 5763
4807 6439
203 3479
7305 8796
7339 9722
854 8247
5742 6908
740 9114
1089 6198
7747 2719
480 4013
8193 3674
1252 5523
6822 9436
5380 4639
3622 5599
5720 4448
500 1912
8139 4669
3794 7359
443 9875
896 896
7335 4352
3887 5755
6984 1684
573 6202
3421 5887
2011 4714
1847 803
9530 9772
7050 2260
2114 4692
1426 9087
6833 986
3889 4187
9796 5131
3690 6236
6855 1608
4860 8911
5375 5714
8934 5908
4251 199
8823 6598
5505 1770
4349 5233
4196 4088
2947 7628
8060 7042
7241 2543
6963 3587
8291 9488
6888 1936
7719 6567
316 6363
9462 7236
8177 1386
9283 1964
1803 3076
4436 4783
4737 9509
1042 3778
7258 2815
4573 1505
770 4446
6139 6279
3975 8701
7096 8635
8997 4191
983 2143
3530 7527
8419 3725
3015 8342
7529 2721
4005 149
2567 6510
5196 4730
5854 7690
1652 7306
6030 9562
6561 9884
7592 3195
8037 9497
6934 3050
3263 7927
8694 4476
9898 3860
6268 8430
5072 9444
251 4135
657 3466
9189 3651
1499 1979
3104 4389
9097 5790
8646 8615
8794 38
2996 1635
4849 8599
1098 2246
8893 5992
2040 4871
9500 1715
9350 3679
2961 4767
6139 7753
5680 2726
3637 6673
6740 6493
4104 9299
7166 4177
1578 3242
1249 3636
1159 2192
3898 598
2365 4719
4587 9544
9245 6452
8652 6914
7576 1329
5786 7203
7957 5273
9911 2997
6809 8531
5579 4456
8961 2067
262 8919
1837 5221
3472 1711
4948 8788
4830 5472
4172 1736
8987 5867
9164 9815
9317 7543
6183 4763
6611 7219
5952 3258
6332 8291
5980 5762
3377 4086
679 5400
2254 1457
8659 596
2763 8167
3779 4300
8577 5239
1022 210
3853 2273
2241 1868
8713 6645
8260 5675
7594 3846
8813 8020
6392 5022
8556 1693
9630 7185
1458 9679
1905 8848
5671 4786
3847 3650
2545 3947
3517 6209
8511 8295
1000 9514
5287 2609
4415 3971
363 9010
7919 982
5825 9446
1600 861
1025 6192
664 9974
4124 8899
5848 7300
5193 8326
7562 2981
6653 3666
4452 8855
32 8986
1013 3492
1625 9096
115 2200
190 4666
5013 2494
6022 2887
848 8759
9487 1671
1141 7468
6808 1640
8754 5368
6676 5036
1693 2230
817 4103
7866 6146
5757 5264
6064 7445
5484 8145
2890 1096
5487 2263
9917 8564
2491 7727
4559 6795
3669 1324
3704 1685
9940 3509
3874 841
7823 6504
1424 3110
8590 8019
9828 4602
8229 2818
6427 4027
9146 9457
2334 5149
2901 3524
9082 3132
8437 3961
3514 9432
7045 633
4376 7483
2819 1951
2705 6522
5348 2874
4836 6870
6069 3971
3887 7430
5324 8383
7214 5922
5461 1457
496 7262
7493 6891
9931 538
1145 9503
3169 6946
7083 8487
1912 3159
8373 8529
2660 5183
2384 572
1178 6057
6002 7074
7141 1234
4284 5887
5746 6714
5042 4719
7065 6392
2588 3599
3753 7451
1959 4967
9600 7645
4583 77
5736 7786
4587 3801
2014 2090
5383 6660
9439 1304
2665 1629
3496 9440
1118 5701
6497 7659
3292 2277
4711 3003
1614 8469
2846 1332
2229 6114
6064 3693
2646 1217
6817 6671
6777 3156
1677 8131
902 318
6490 2126
9977 2896
3066 1034
2617 839
8158 7345
1149 8687
3809 2840
3115 5710
4545 1860
1766 7613
6464 5385
5496 7134
6693 8961
4077 2051
144 7268
9352 6926
6155 5253
8196 3500
2952 7184
8035 3146
4388 6764
1819 1563
6085 1136
1019 8312
8063 8847
3104 7557
5642 9816
1531 8203
1421 8415
3386 6324
1472 3988
401 1176
8167 8367
2552 4845
8728 668
4363 5448
4997 7528
1275 2841
8871 2127
2118 1852
6445 4238
6757 3795
2976 6899
708 524
5574 7386
9711 2129
290 8004
782 7306
8932 3156
1777 4289
847 4298
1521 2132
2972 1030
918 4762
1018 9669
2987 6031
5290 7565
8212 992
65 7523
6743 4424
3743 1519
9716 6300
7613 5564
9084 6880
5069 9934
760 7780
2040 8623
1991 1715
3585 7945
4235 9495
193 7697
7591 8108
1015 6247
3056 9659
4272 9781
2345 5846
6229 9326
3032 109
9055 9878
9809 2591
6361 8712
3326 8193
6428 1716
1564 7879
7820 6830
1430 3048
745 9029
8269 9164
3984 6291
1700 8478
7304 2473
2670 2381
4198 9109
4940 8045
8341 8782
2284 4
1722 4097
8472 1141
7673 3999
6602 5606
8586 3558
9515 923
6287 9393
271 2698
8939 8629
5950 6849
1191 142
6147 5756
2343 9543
1277 2061
8865 9869
2703 9087
6435 6221
7174 5835
7572 3362
3208 5494
5386 8780
3026 5400
6591 9436
9759 8185
9926 9277
4569 2280
1633 132
2465 7527
3760 9136
1029 9566
6485 6537
8778 7879
6098 1174
2152 2915
4967 1160
4819 3336
3951 5703
8087 1017
9560 7001
3222 4799
4482 7482
7374 2188
4190 4921
4152 7631
6790 6425
7912 4931
9094 1933
1985 9940
7506 5165
7544 3762
5343 8796
799 8286
7283 9251
8039 8441
4502 5679
7199 7200
1146 3023
2029 9552
6258 578
3119 17
1878 6440
7284 3539
5883 9163
3909 8725
8424 3535
4967 4935
8367 3301
6159 9792
6669 1640
2300 6282
8162 5979
4685 1610
9135 6498
4811 4824
8308 9141
2264 3120
4570 6556
1151 5122
41 1623
4662 8367
6215 4974
3507 1399
2958 415
2684 17
4272 2377
7678 8453
4566 758
5656 5689
7107 6381
6375 8756
3160 779
5204 7808
2369 8731
8035 6396
8611 8832
8350 7137
2628 2559
4957 95
1885 3847
7382 8264
6685 1208
314 1039
2726 5233
2071 7152
2251 4918
3239 7537
8055 6078
8667 5871
8801 9712
3761 2533
5371 6072
6435 1408
130 670
1194 2778
2934 4922
4314 2849
8524 499
4876 4760
5533 7231
711 335
4902 3363
4027 7302
8919 5394
1623 5936
9879 4306
2930 2113
3994 480
9582 4607
65 3478
7136 1338
1527 3293
8027 2686
8889 180
2790 9295
8942 6899
7447 6080
8920 2823
6114 5525
5490 2437
192 3877
69 5486
8530 6461
5099 3635
3407 8105
9034 9597
5341 2377
8072 2817
769 4471
3754 8236
8857 4399
7758 6771
9427 1728
8215 6757
2928 6866
9841 8496
762 1247
774 4343
6042 9052
6308 9009
7326 628
6769 235
4379 6330
4974 6150
2029 502
682 4355
9127 1002
6976 1217
6903 3524
8423 6869
9252 9488
7023 4544
8147 542
8281 3673
2769 294
6847 7737
1830 1635
7737 5703
2810 1128
9010 2712
1865 4171
7615 9947
7802 7062
1157 7592
5225 291
4573 6744
5793 6786
4222 4225
175 6959
1289 3200
6851 1128
5254 7803
1638 5446
7894 4346
8520 7763
4485 6633
37 2329
1306 4743
4681 5812
238 500
6006 3864
2011 1402
1327 2925
7426 1441
4867 2084
9236 37
8310 6422
5615 794
5160 9425
7066 9670
8356 106
194 2309
6739 8054
903 323
2540 6250
3507 3385
4130 4115
2190 7548
720 9781
1604 8050
4142 5315
8940 4804
1939 3474
2049 2595
6330 2305
7890 8173
7640 3023
9956 1489
4302 9610
1336 234
1354 7903
1815 4438
4602 2135
6689 3293
5655 5599
5069 5971
7860 3378
3467 1952
5788 1844
3159 6672
9627 8323
2327 178
6944 7256
1118 8292
7488 7988
7832 2024
9393 6858
4933 1678
9070 6168
3575 4579
1148 5210
707 2114
9060 7459
2758 1181
2398 4267
158 1895
8890 6347
8968 212
4178 6423
7535 3860
6040 5172
5692 9215
640 6422
1501 9047
2241 6830
612 2824
8449 2840
3301 6462
2109 788
6640 276
1896 1249
3754 1039
3377 7532
7319 5118
7654 7160
8610 3579
9208 96
5205 4961
3348 7615
40 6363
2162 1475
4712 1397
2677 5983
2518 4453
5876 8270
2543 9725
3450 1228
5330 4423
9183 8786
6016 654
991 5967
828 9258
9061 5723
2211 4226
1392 5300
5890 9031
2949 7148
540 6671
3770 6992
8871 2823
4817 6789
6788 2629
8996 1615
9688 5966
1851 7089
9997 9301
7791 4986
6951 7398
8521 3576
1501 823
5460 8746
6742 1729
5041 6569
7772 6396
1483 4749
8407 7494
2135 606
2957 8348
1918 6035
7914 4711
1138 8630
9061 4684
6651 5750
1582 1103
2138 1808
9648 3350
7711 4435
9202 795
9321 6557
9390 2807
3140 2610
1702 4694
5280 2579
9622 9266
5768 9180
746 9093
2068 9674
7696 450
8019 5371
1444 86
6957 1383
3921 77
2316 8515
3504 5565
1209 8822
7201 8810
3109 7076
7712 8121
3880 1897
7395 5464
952 1664
7408 5735
5972 9378
1692 4675
7341 5024
7057 275
3516 8007
1639 7130
9803 6170
7950 8657
8077 7702
7237 9337
7685 8347
9301 7252
9054 2936
9321 8377
868 8716
7866 6547
2640 8806
248 4200
1502 8864
3008 6819
6309 4115
9596 824
223 9291
420 4915
2280 5187
8634 821
5629 9634
3135 957
8904 9397
5468 3452
3868 4713
2094 7520
6745 1155
3703 4029
9738 5228
2677 3511
1814 6350
9587 4301
1570 1704
3394 7117
2485 1929
2873 2216
8637 7848
4405 7152
7751 5849
3527 1085
2517 2344
8412 2150
1123 3417
1262 4291
1043 2801
4628 5637
8105 6925
8797 3674
2610 9065
5128 3475
8476 608
2642 595
459 5387
879 9148
3759 2884
3045 3832
3236 8337
4214 5390
3880 6894
8735 30
4331 582
4203 4881
4224 1240
410 5871
1599 4000
1235 8713
3178 6902
467 639
2530 825
5028 5332
9510 4816
7896 5472
5476 4907
1752 2599
9214 4127
1303 4574
5994 5393
4294 7095
9362 2591
3215 9860
5025 1913
2721 4309
7618 7804
144 646
7407 8867
6392 3202
5111 3381
4343 1744
3440 5830
5029 1861
9088 2300
4845 7775
9204 6619
9398 9488
2096 6541
3446 1953
9374 5871
4828 5368
446 7264
9304 7340
1837 5004
4848 639
9716 1369
1900 6502
4787 9278
6214 2863
2145 9393
6374 5300
7076 5490
8217 399
8031 8457
4207 5113
5280 5769
2451 740
1287 8067
5316 3396
5148 3355
9057 6062
4062 8178
1007 8677
2843 4977
7129 9136
7851 7763
3841 4203
2707 1678
192 8579
1701 2975
89 101
1677 3576
8229 9852
754 1648
4304 8453
2662 6067
7252 8003
96 8346
1267 674
5269 2412
6655 8068
8730 9268
3883 3837
8028 7234
1703 7674
6270 1766
7910 424
576 5722
2182 8648
4870 8500
4939 7701
1361 8073
6549 825
3743 530
8593 1405
4662 4870
6480 6455
770 911
2922 6149
5960 6599
3385 3080
2512 8249
9202 6104
9872 6168
9916 9309
7031 5622
8565 1463
4804 1384
2739 7488
4408 2929
1043 5820
7168 5737
3797 9202
1792 942
2337 1159
2816 9469
6664 407
9172 8143
1133 4690
8986 9823
5416 2207
6794 5407
6596 2703
8618 4707
2941 2125
9909 9200
5207 3194
8781 7392
9842 154
6009 2710
3601 5628
7350 756
2848 9695
7980 9570
3550 4317
3506 563
3928 358
355 434
6009 1938
9173 6534
4762 6354
1155 5423
991 1283
7431 4611
2321 4494
6736 5943
6005 4380
6799 2151
7343 5621
6158 4356
7596 8036
8429 6440
9740 3312
2886 8322
1925 7046
7393 5165
337 8129
4184 6077
8218 5232
3271 7532
6806 7894
3164 3646
9228 3104
3842 4926
2361 6646
4484 2613
3603 9461
2695 4625
9301 5152
4823 1004
6355 5207
7622 7908
9743 3050
8914 1530
2694 7951
4385 5727
677 6585
9694 39
5490 623
9692 3946
225 4626
2529 9066
2303 9026
7388 8636
6515 7092
4473 4886
2499 1462
5556 160
785 1654
4767 4132
8331 2511
4672 1367
936 3061
6259 5813
5751 9643
5165 8973
5371 6952
1727 4819
6650 4421
1574 105
209 7313
947 1007
3645 8155
8954 8818
4052 721
7034 9725
1340 7257
6968 717
5503 7347
7747 411
4616 2580
2297 5729
3205 6548
1876 6294
9124 275
1769 6188
4620 7355
594 9532
8437 5690
8290 7981
6768 6059
6355 2156
279 9476
679 8041
5601 1690
4159 1090
9910 5208
7180 2898
8687 851
9707 3931
286 5456
2511 1109
1009 6603
7754 9099
2837 2529
1342 5629
1776 3642
2225 4729
9007 7982
9307 534
7166 2383
3910 2167
327 5939
9911 438
4912 9249
5957 1954
3528 3177
223 5775
7856 9482
6328 2923
1844 2201
1929 858
5218 7367
9451 2033
4136 6422
9458 9962
7887 7306
3777 1654
7342 6805
298 5072
6273 300
4592 4798
8615 8251
1424 8374
6800 562
8246 9506
8276 2564
8259 9601
7371 6723
2845 7447
5288 4083
6881 7227
3279 5199
3329 1562
4784 2778
2569 6321
9154 4675
6204 7850
294 8148
205 7976
8178 4627
4828 3951
1695 9828
4797 5200
507 5334
7244 4978
1982 359
5167 1586
285 6136
301 4422
3476 3695
9755 1417
1538 6610
2111 8664
5062 8607
6253 8176
9358 6976
3424 4447
4460 3103
3900 3045
806 3004
1805 8617
1880 1921
3153 6027
4867 1165
6279 9624
8436 1413
2963 309
6021 8975
6981 1747
3928 5675
870 1046
4978 921
3027 9946
4776 4703
9320 8249
3141 7504
4777 8431
3479 4143
2089 9936
3421 4981
8368 1728
32 2524
1309 8480
3263 9289
788 5886
8066 2446
3728 3702
1841 4562
600 6855
9344 7378
7896 422
57 6085
7066 711
8207 5299
6107 758
6571 2311
1891 6564
786 6057
9084 1186
3356 4660
2976 3433
2226 6387
6413 7114
9046 9761
1792 1396
5212 9878
4588 9333
7027 8524
3293 8188
7562 1720
3882 3464
7611 1009
822 2910
1171 3722
7330 2767
5265 3322
3833 5244
7776 9923
8662 6425
8795 8108
2316 1918
5233 6709
292 7617
4808 7062
25 7445
8096 9434
3855 2647
3375 6366
2534 4895
9982 2098
5975 7380
7791 7584
6109 3352
9022 3917
5086 899
2781 3866
378 6204
1281 6608
8803 1253
5988 7874
619 1498
8810 6877
2760 9613
9257 3024
202 9196
6334 1144
2505 9295
339 1244
1522 42
7148 1271
2958 9323
5109 8811
4441 2640
10 8924
732 3548
1746 653
9163 7368
7777 4433
1156 5949
2545 3864
6918 9428
1333 9571
4102 7050
101 3414
6757 6931
1258 6303
2551 828
3035 3416
6373 3138
1623 1687
94 1074
6305 4640
9332 2700
8861 9625
3293 7185
7614 9643
9269 8423
9092 8307
6951 2711
6651 60
9195 9697
8561 8294
7146 445
4397 7581
2020 674
2034 729
957 9360
5683 4786
6289 651
904 4732
7064 1917
1844 4309
8553 9672
1757 3481
6676 6512
9167 6523
9875 8739
2405 9087
5218 7697
9174 4368
889 4120
1129 4833
9213 3974
2527 478
8102 5377
6209 4493
7231 4893
9855 5951
7907 6965
7432 3616
774 7202
4387 4282
160 2636
2542 2489
859 4886
8612 4803
3480 895
3208 1736
9256 524
7796 4392
7780 8681
5276 5768
7256 1624
6919 7651
9419 519
1513 1831
8550 6935
8291 8516
4834 3920
937 9065
4498 161
9286 9931
3331 9087
3977 6915
1741 8992
2029 7186
830 2568
794 7513
5417 1419
4308 959
5021 949
2541 362
3995 9389
6009 8578
5255 563
403 8050
7447 6807
1506 709
1506 307
9173 845
1592 9201
8709 8244
1436 7841
2845 6014
3758 6392
2094 1323
1478 576
2834 2786
6562 1891
9477 6882
3504 2985
550 3405
407 7811
6816 4273
6972 4139
4432 3123
8289 7671
6538 4618
4661 9412
3966 4368
793 1361
2601 2888
7849 4310
7330 633
8511 7148
4989 4562
1457 7140
8167 2637
2213 192
5419 5979
1866 3517
7891 9952
960 9262
9151 7378
5272 3985
1078 3876
3344 6550
280 9325
623 1384
5137 806
9139 3270
9610 8202
6351 7818
4861 8546
8270 6196
2856 7620
3518 6515
7309 6183
7495 2022
7252 8003
4848 3942
6003 1755
3328 4870
9090 5282
4554 5815
6998 5445
4161 3910
1917 4942
5156 213
435 7968
7313 85
3355 687
5564 1512
3987 9803
9751 9112
3995 4625
9259 83
7662 1166
4385 3919
1808 5955
9234 9665
8828 5240
9549 3767
2559 2578
9074 7492
8803 1344
5663 7889
8937 4980
7126 5090
2250 3702
2195 786
7557 5909
7715 138
4627 4892
2425 5481
9021 8061
4275 1440
7200 9719
9957 5654
8547 9195
4971 34
2398 6172
8245 5500
5815 8866
6973 4824
3862 1908
5961 3924
64 9471
1053 7475
3602 9425
6362 2950
958 688
1736 8332
7724 6025
7411 1364
6866 9222
4035 4410
5176 9046
6711 627
8005 9814
5630 4081
9460 6073
14 6891
5687 6011
7659 9449
4863 8971
4755 1209
8950 4116
8433 1737
2172 8876
1529 9484
7200 279
8476 9662
6609 8195
2013 765
2159 1188
5662 5334
8229 3477
4267 4644
1232 4999
3380 8903
1074 378
5203 1162
9063 3298
9698 5941
4578 949
3572 4238
3559 6528
6204 2830
6044 3071
8129 1173
8589 1543
7968 7792
782 6639
3591 408
3705 6039
8021 2829
577 6695
8814 7276
4133 217
9299 3840
9424 6822
2753 4856
1022 8066
5275 5795
9855 9175
1963 6205
1030 9160
6576 9289
2717 6903
5257 8347
7234 2731
5152 8816
1894 5894
875 4803
6816 1452
7403 9242
1457 2591
1327 4877
3423 3581
6298 2822
3692 5686
3940 3523
451 871
9281 8463
3774 8986
7443 982
5349 4507
9769 2193
6874 4106
4821 9852
9166 2051
7975 7393
5375 9370
4075 9866
4992 2252
7873 1290
444 7782
7431 2947
2144 5026
6750 6311
8845 8830
6668 7957
7341 3596
5567 6126
8126 642
2955 8876
1190 8134
6673 605
8617 473
7041 6668
3725 8737
6393 4865
795 7196
4018 7915
3998 6347
1614 6106
3654 946
4979 942
8166 1698
1153 7762
3118 520
2018 2161
9110 38
9370 7187
668 2437
1332 115
8810 1795
9580 2491
4164 1798
9052 3085
6490 5964
9154 1285
4638 2744
7822 8749
6940 4529
6293 2808
623 3794
3573 6651
9799 7268
7129 4786
7374 1102
238 562
5554 5418
7846 9846
3051 3852
9074 5702
52 5701
4919 4429
5590 8345
800 7908
1656 9216
9413 7893
6178 9144
4311 3650
4852 5691
5308 8356
4817 9427
7113 6462
8836 4975
9561 3564
2114 3404
9997 5525
8648 8300
8592 6630
7976 3558
888 1474
3592 3557
3275 4170
4234 4522
2477 2525
9020 7189
565 7798
9618 7282
9212 2682
2827 1266
5558 7763
4453 1884
2535 781
5477 7444
5974 1009
1521 2137
3073 5040
4365 7903
735 3075
5602 2586
9227 3303
635 9221
8759 7789
4513 9407
756 950
4897 5591
8924 1775
255 9897
5121 4213
3269 5566
6600 8749
1648 6279
2107 8810
781 1554
3413 9466
126 823
1603 8906
4551 6429
1988 2305
2216 9784
6952 2060
9641 5449
6924 9965
558 1956
3378 4665
5001 7695
4500 40
7096 7596
8598 7612
2726 9004
932 6168
4500 1183
1717 2819
9475 5018
7412 7275
3220 8295
6366 3854
6129 9618
4285 5811
6087 1529
4077 223
6563 8151
1482 2942
5867 6891
4893 6795
4188 9609
3474 1160
2039 9796
9924 9838
9072 433
1812 9687
2178 5675
1566 6492
2003 1740
9654 3533
8564 2876
3001 3903
9230 7160
3583 9943
320 9285
4706 9155
1132 1446
6557 170
1193 3642
5407 8054
2816 6044
8770 9428
8478 5481
3281 3280
8334 3519
1954 4083
4006 9271
2756 90
4684 4569
1521 631
2373 4943
6982 800
5712 8310
3706 8155
8498 4873
2508 4571
5932 1537
4247 7188
1919 2748
6776 5851
2202 8949
2759 1359
7634 1656
6432 8969
518 6476
2411 2148
5053 286
3944 7925
4710 7511
2365 1801
6981 1991
5975 1562
9899 5768
341 2360
8342 9385
442 1334
2863 752
5351 502
5162 5888
5766 1482
7258 1953
5508 1300
431 3749
5673 9247
3924 5230
5507 922
3589 529
9128 7914
1535 948
1179 4240
6742 8110
6 9363
4604 4243
9916 106
5518 6775
3127 7092
4284 6543
3462 8911
2841 1582
7258 233
3753 3110
342 3892
5200 2189
8669 6334
8539 6982
5257 4201
9971 1898
3145 1711
8110 265
2748 4942
7636 5278
2864 5019
1729 9595
105 3652
917 3290
1659 891
3663 5018
1427 4312
1180 9555
2313 6516
494 8623
1871 580
530 113
9955 1498
5205 7076
9562 1326
9222 8379
4683 1018
9287 9616
4945 654
8569 1866
5824 4133
6473 460
4222 5131
7855 2708
5640 6105
5001 4402
7673 6557
2476 8650
2419 5829
9941 1634
4804 892
8296 3963
9931 7096
6485 1692
1929 916
8661 2050
7034 8742
2322 2824
3565 8586
1927 6996
7287 7061
1873 3609
9938 6202
5179 6776
733 3429
4511 8297
2853 1967
844 2333
5284 8925
1927 5209
6178 9455
6931 7622
2940 2411
594 7845
5083 2392
869 5226
9651 5600
3345 6307
5432 6943
440 4291
6060 731
4968 1056
3745 6633
1276 2979
4227 3568
8127 3315
2351 7918
8636 5306
2170 6547
496 5798
5786 3740
5457 7770
1149 3883
7739 3450
8102 984
2084 4032
2343 9289
2961 8712
9862 970
8812 9368
8650 6173
5777 9009
4393 8447
3321 9471
2899 3448
2939 6542
1980 7069
9002 3474
9996 168
2083 3191
4534 9203
1600 1449
5372 3317
5651 1373
7222 4896
8439 5199
8953 7363
7084 7035
6449 1365
677 7095
7750 9520
1997 1918
30 3087
3727 1914
2841 7050
1161 8200
1530 2975
7843 3158
2978 2462
3569 3683
6101 6531
2260 1174
8283 1792
8078 4776
3439 997
2509 1545
4913 4184
2018 2259
2858 7578
9311 9297
5608 5851
8686 7149
4919 2218
2712 9560
7793 8224
7700 9544
151 5230
4642 2621
7291 1340
9958 3755
5967 8593
7907 5554
2365 139
6756 4527
4141 1165
9184 2996
9163 9109
2343 4360
1822 5895
3384 5861
3146 5357
2940 5647
3255 5687
8353 5038
8540 1650
1884 3428
1416 4747
5878 1075
5544 7900
246 304
4707 339
6967 4566
2798 5327
2574 7638
2814 9541
4366 6838
5841 3873
7070 7085
662 2566
9022 7218
8943 402
6693 1185
3354 4691
6238 3769
6175 5485
6374 2877
6622 1354
890 4676
8499 1758
9184 5160
8558 9556
7496 8019
4391 4255
154 269
7938 4602
4437 5502
1010 6026
9587 8791
8181 5178
4835 1491
3439 2745
667 3831
5935 9247
6154 9781
2974 686
4682 8672
9481 7860
43 2478
1862 6041
4574 4384
5352 3173
4852 820
1340 7639
4724 8763
9328 1309
9675 6312
6062 4855
7793 2982
3131 7459
8202 668
6205 3487
3095 2465
8559 1015
7126 4907
180 9673
8143 2204
623 1786
1247 5569
7547 545
8512 4210
1149 9020
9145 9403
5045 5719
9913 6729
2960 5733
2721 8871
6652 1446
3096 9910
1311 2148
1145 8242
4755 9468
9145 2501
5752 2293
6499 8399
1471 2757
6377 6646
8591 5827
1714 7175
9893 1901
1286 1757
3718 7289
2307 3916
1953 4997
23 9664
6791 3468
7286 950
2763 3387
620 7417
3705 4892
7915 2867
3617 7537
2388 2768
4950 4043
5630 6162
9415 3075
4245 5725
7686 3134
1955 6383
4924 2938
8698 268
5980 3573
8398 7220
2737 4846
459 287
6920 7666
8766 2871
1168 3732
8245 1720
8408 9041
6297 1197
563 4460
2489 5697
6441 7249
3946 7950
9424 4652
3507 9844
3764 2649
4081 8299
4457 7365
1534 7718
8758 5952
3916 6303
905 2981
7679 4098
8496 3413
6507 2661
1498 1360
7720 6266
8831 5225
3498 4321
5491 9546
2820 2735
4380 4740
8093 1896
9670 5663
2245 5432
3934 5968
5499 2444
7480 760
7257 5881
3672 6603
886 6499
4850 2201
4261 3335
6275 6186
217 1098
2016 3611
5094 2693
6085 8857
4216 2114
4913 7776
2246 6144
900 1247
1468 2857
1137 3123
9319 8017
1902 4281
7722 2652
1637 3625
9101 5697
9650 9381
5528 9700
2136 687
5436 2260
7319 7546
1080 4974
4459 6810
3909 5377
6409 8764
5450 9372
7357 8171
1351 364
3936 7683
4513 7627
8405 5403
8241 986
598 6067
5589 9578
2471 2736
5304 8887
4302 98
6539 721
829 7702
7392 194
6699 3058
8493 519
1737 1048
2030 3244
433 6465
8535 8796
7880 4102
2512 4532
2521 4676
1693 7252
755 2866
8349 852
1770 5605
4555 9618
9580 1829
2729 2191
7133 4135
8114 2389
6078 2201
2500 9194
6726 3725
6417 1039
3731 3507
1355 1538
8278 5637
1861 29
4383 4815
537 4227
6178 9334
9596 8177
4462 8223
6974 8788
6194 9669
2882 4471
5750 6958
95 4360
8771 2482
7540 1156
6013 8185
7468 234
9304 3387
8818 7257
3576 1297
4916 6184
4899 6129
4353 6524
3396 3624
9062 4741
1014 2517
4618 7775
9180 1764
6465 4727
7682 7288
5117 9186
3170 2472
8183 8934
1478 8066
7075 3714
27 4641
2519 1722
2496 6921
7182 3625
1608 4544
8312 252
8761 3947
5887 71
3907 2581
6729 6982
1057 131
2636 2645
9479 6761
3450 7568
9742 380
5637 772
9530 1124
5215 6930
7958 3859
6691 6581
7017 7533
5113 6115
8246 2593
3300 1755
3721 4318
701 8120
7374 8108
607 4263
9188 4898
8679 376
24 2873
3813 6531
5502 5464
7241 6061
3788 7224
7364 6003
8259 723
1865 467
394 9359
5706 6784
8678 8767
6793 6556
7655 5945
655 9823
6060 6339
352 1652
5515 2734
4858 6452
2572 408
6216 6842
7314 4499
7328 1998
1754 6728
9634 4201
4720 8536
3179 4853
9014 2531
3780 1263
9356 7396
9192 4305
2247 1768
5957 3301
6381 1453
7079 5282
817 7945
2471 3478
9131 9438
6476 6245
4559 9568
3775 9952
9821 4629
7966 9352
4191 4596
1341 3614
6140 2281
5260 9839
5628 3088
349 4650
5580 681
8757 5230
3678 8969
8324 3622
7016 635
2019 6646
1184 2735
1062 900
1344 7128
886 7285
4704 2752
7008 2144
2102 6431
2094 6196
7823 7492
5405 1902
6934 827
1845 2573
3434 718
1290 2698
6370 9998
4095 3827
2131 9973
5914 5952
2286 9052
9566 2691
9959 5543
9140 3759
3249 4154
9631 4586
4556 3488
2879 5652
1040 9644
7809 3343
3814 9756
2834 2683
4785 2292
210 3558
1801 907
7518 6943
6095 9192
1051 412
2981 2295
9070 2634
9293 9368
7962 2155
4748 6293
7128 2818
2069 9207
2880 9213
5250 5759
7560 7024
9255 7356
8905 373
8024 3010
783 5913
2703 3630
2645 6231
2982 8643
1507 1654
3897 4463
1313 1478
3980 6197
4990 6561
3406 1006
1172 5566
3784 8214
5804 2516
8959 3297
9154 7175
2593 6204
9721 860
3693 8488
8625 4754
8970 1348
3186 2325
5345 3372
1344 9402
7527 613
9768 8934
1583 9472
2996 7945
4037 8743
9949 8292
6139 5503
6866 657
4440 8843
6257 4567
3933 2593
3446 8909
6106 2284
7593 259
6555 994
8283 4297
2772 5364
732 1323
2695 8247
7200 9956
4113 9302
7910 2481
6225 3105
9158 2445
9072 1362
4315 8761
2949 3056
7339 3334
4699 7811
9553 8417
9454 4020
8691 5629
9065 6934
3500 581
4565 563
7973 1194
3664 28
3965 1
8079 3796
7630 7639
6747 4225
8531 4803
2459 210
2281 9708
9065 1672
4158 3407
4746 7342
1025 7003
205 4272
2963 2771
6734 8212
3435 8172
5695 779
7395 4747
146 6599
335 900
7109 9140
331 7915
9762 5864
2625 3548
8619 494
4654 4230
7212 7809
7284 8449
2177 1658
3856 2273
6898 8993
7260 1944
4591 2314
96 6969
6560 7696
4039 3107
2576 146
8977 3684
1817 8970
8760 6009
9065 9575
6015 9264
8753 3239
3341 2983
2642 9618
4520 411
2299 5601
573 3905
8213 2638
3798 5313
5182 7288
4429 6567
3608 993
786 8925
8380 8361
1033 5846
8714 1664
5590 4034
8726 7908
3301 6286
5857 7435
1849 9578
9672 2043
2605 7880
1554 1082
2426 9689
7620 2488
3547 1557
7106 4501
2335 6904
9556 4221
6328 8968
8907 2622
949 8554
2695 9972
7885 6795
1502 8785
4422 8799
9532 2374
8156 7307
6990 5068
8409 8818
4095 3805
2607 6870
6012 6854
3278 4937
7214 328
6580 7683
4898 4197
3247 3311
5365 2480
3803 9010
7470 8785
7450 9266
8364 5825
8409 3180
8590 1446
4664 175
2514 3864
7713 8079
6587 8190
4675 3919
9268 4832
4228 5567
1943 1710
2997 5989
9677 6136
1507 3802
6293 2740
7659 4534
7104 1557
1695 6288
4043 2181
6980 5243
3670 6296
6733 3167
3526 9715
1598 5730
418 5821
1522 5315
7823 8698
2265 4691
6567 2986
5062 1368
2963 8068
236 7722
227 1763
3380 9447
6055 8587
893 7400
8262 4222
9251 7601
1605 397
4448 9903
9450 8878
3382 523
5628 130
9201 9358
6288 187
6618 9094
8195 5625
102 9312
6673 167
9590 8024
5407 5050
8412 5729
3673 4533
9338 4891
4288 2524
7106 5494
7010 4395
1244 2013
5899 3577
4141 8244
4912 6975
3625 3842
4836 2442
4568 7218
3604 4245
2082 8700
3799 2300
5485 9730
308 5888
8803 717
3080 5201
278 1798
4998 6008
5891 502
6844 3029
2703 5080
7965 6838
7548 4532
792 9974
606 6840
8659 5179
2075 9055
5311 2652
1541 9130
6083 4292
4554 349
5780 6417
8403 7241
6309 354
7304 6584
8375 6516
638 1556
944 386
421 4655
3566 6528
8996 9216
4502 2150
1501 3065
6614 9803
1898 6712
8972 5004
5448 5803
588 8618
8418 3603
1344 7104
8883 1283
5022 4932
8927 5313
7704 2236
5111 3828
8587 2479
1806 4209
8591 4783
5297 1311
7825 7028
1601 8936
5138 3524
3186 1327
7137 7348
3530 2848
3845 425
3721 9439
1382 8129
5869 3608
9871 2395
1923 8742
1475 5912
7966 4367
1561 3264
1834 5763
6379 8195
158 8432
3695 7528
6525 6767
7337 6660
3592 3757
74 2316
5365 6786
8234 2185
7931 5385
5206 966
5082 2223
3935 4634
4106 4812
1164 6413
6263 3629
4705 2377
5084 9035
8082 5519
6407 18
9481 1840
2276 4085
9448 8349
8619 1693
6846 1935
2963 9925
6603 6271
4377 3552
4290 6202
1305 2452
7326 3245
2401 4580
2234 9779
7128 2093
6909 2289
7681 3802
3104 9073
5755 2213
364 273
1021 4264
5411 4231
2946 6798
9780 8012
1862 3939
247 9822
9773 3990
1826 6605
3647 7252
8076 9360
2471 1819
8343 4365
5962 537
8945 8704
4128 7360
3856 7721
8779 6171
7142 8396
8794 2156
6527 8918
8387 2335
299 4262
3983 7242
4590 5121
8526 6072
530 5322
260 4691
4747 3751
4482 5412
1843 1596
1566 7994
544 4990
7868 4769
1384 8378
7491 7280
2336 2089
7226 3914
6702 3360
7939 726
999 192
3906 4713
2512 3931
2162 8199
9305 3225
7097 365
3754 7009
3327 1885
8808 2468
8581 625
4970 9662
894 1802
1866 8791
1749 8885
4305 7657
2513 9226
4311 2698
5139 2787
9608 4780
9279 8612
9852 4426
9248 304
3780 7188
634 740
3453 4921
3843 8777
7404 9633
9692 4162
9385 6484
7941 3292
344 4159
8050 5318
9862 3695
1343 5733
7241 6241
1209 6670
9031 2165
8925 5633
5899 3174
3735 8347
2884 6487
7820 535
6664 8300
9799 3931
2236 5832
5489 8252
6357 9852
292 5215
7120 1895
4030 2217
5204 7837
2446 6786
7151 3894
6934 3082
3199 9039
3845 1471
8687 3607
42 567
8141 9565
7111 2254
6147 2675
2439 9893
496 4270
6335 2731
5533 8377
8904 1570
2526 5973
3146 9150
633 4903
8564 3845
7868 2196
2983 4103
1585 1126
9672 8731
7079 5840
4741 9564
1474 5220
3829 6833
2480 338
3862 1300
2708 8710
5318 3609
6555 7908
1335 5179
8323 6371
690 5789
3836 6817
7127 1951
2029 1225
4714 464
2745 7368
5120 8121
9395 5867
7188 3472
543 894
6358 635
1552 9006
7871 4891
1361 6859
4659 1044
1942 3237
8297 9731
7076 8436
342 1493
8283 3155
855 3399
4512 2212
6845 8790
8234 7918
3933 4141
4674 9695
4005 7821
7784 8228
9453 9942
159 7703
9509 7130
6002 4477
7047 8861
8475 9304
169 2629
1928 7786
8208 5161
9064 8223
5237 6983
5550 2081
4529 1124
4926 7976
4941 8461
4509 4544
3931 6173
9126 4470
8680 9448
8220 443
9794 5135
1375 484
8041 4266
7472 8970
5998 4015
1806 4191
5385 2371
2782 8799
1951 8054
5313 2661
5456 3067
3932 6512
5697 3346
8748 1835
1133 8628
6141 7344
320 1039
4527 6310
8118 4729
8013 30
7127 3104
1967 1436
6684 1542
4704 8206
7374 2371
1994 9688
5736 3670
3098 4304
2347 5049
5865 258
3777 8242
8254 4529
3808 3834
2588 6512
4568 6504
1096 3493
3377 6669
7498 2751
6683 4765
7086 2183
8370 3159
9971 2072
9235 7316
4493 7950
7989 3508
7753 3827
3761 2733
8203 3058
347 9121
9924 5572
2103 4567
196 1783
7321 7306
2560 1278
5755 5894
3 2812
9951 6425
618 5773
9035 9872
4329 5890
1825 1484
8251 3246
8568 2999
7809 6154
1586 5703
4797 8063
4565 5461
1233 2982
6322 5581
4198 1417
640 1378
5100 6371
1483 7285
8691 7781
5486 1311
7807 7252
835 8864
4076 1943
9832 5179
5365 2085
6377 9865
8419 2154
9619 5496
7498 9215
8211 4237
3384 656
5443 8190
8347 8471
7621 7075
6551 774
1472 9715
9346 4426
8490 7881
9506 3064
6617 5404
8885 5573
9525 3073
4620 9144
1285 630
3524 447
4108 8933
6724 3840
4465 9659
4928 1898
5729 2878
1112 5600
2850 5846
3746 7285
6333 7433
349 8917
8389 8038
7134 9600
6725 7136
4433 8214
1059 1007
1424 9454
3588 9443
3470 6476
6519 7385
5177 1143
9911 5100
2075 4180
493 3114
5795 5336
4228 9403
4647 5566
330 817
8179 4568
7776 269
4609 9236
5202 5696
5110 3426
2141 1403
3374 8160
9775 7437
6917 9042
5537 8068
2603 2283
1808 70
6420 3340
5357 5559
1565 2313
2411 3194
8474 2166
4371 8166
1059 2101
4286 8499
3553 1664
1452 4362
4923 354
8826 7785
1885 5252
4718 8590
9903 7556
3838 4583
4386 8194
3931 5457
952 4870
4771 8549
7533 3979
1378 7873
7900 5739
5608 5735
6440 5948
2029 2521
9732 9444
4022 9999
4076 6888
9192 7766
2935 6373
6309 4189
1783 7266
8079 8907
4586 1324
6150 2837
1379 3421
9982 9708
7681 5914
1013 9576
2330 4231
6244 1010
9483 2178
2750 4371
9005 6585
1069 3096
3491 7092
6932 1557
955 4155
8535 9805
245 6889
3636 2756
5706 7822
9620 2991
591 1588
373 1651
810 9451
2173 2686
1423 984
6923 7922
8516 6825
9115 6151
7664 18
3273 7270
8655 347
6781 4301
4552 990
2819 4314
5635 4272
3127 9605
5606 4812
8771 8586
2303 6890
2628 5423
874 4874
6485 3634
9205 1725
9331 2721
793 5694
8868 2417
9907 6115
948 7237
1941 3567
3442 6132
4853 5368
9320 3090
5570 3649
5918 3491
4014 8364
343 5561
8651 8810
1744 2660
2327 1782
2712 8761
6239 6505
1582 9007
2075 3688
5588 7898
8922 8990
2309 9713
1695 3699
6400 9247
2813 6919
4232 5922
232 440
2374 3538
5969 3593
7938 3547
5122 3195
5260 7315
5832 774
7982 6500
596 5297
1838 4395
1343 488
7997 4760
5676 5131
9908 6516
8332 5912
9915 2968
9077 473
7069 5357
952 6948
2339 3910
2092 9583
1933 6170
5196 2889
9978 8772
3769 3380
8222 8359
5704 2224
8981 3866
5869 1052
4821 5656
5232 6153
5755 1887
6741 6831
5561 7894
7321 8511
3734 9863
6825 2836
6352 1883
6702 2234
5904 2074
9071 2358
357 3206
8535 62
8265 7533
1589 3693
7599 7380
8696 147
3710 1231
1300 4646
3072 3039
9058 83
2490 4640
4878 6059
1580 9448
6093 6667
2996 5414
8744 7359
1437 8308
218 828
3293 8593
4891 9565
6624 8399
7690 18
9805 9498
5973 1506
779 2477
6717 8163
2716 1933
9463 4378
311 1546
7 3222
9728 2022
4826 119
8015 8578
2581 3682
9187 2000
824 1125
6629 6743
1329 9457
5474 1878
1244 8062
7781 9574
4370 3932
504 184
2189 265
3252 6213
8851 203
5382 6904
7192 3630
2451 894
3247 3335
5335 1491
230 9991
5397 7679
9221 3797
2766 9006
5043 95
1534 534
8426 1245
279 5052
4336 5105
2574 6696
403 4112
4720 2822
3368 339
353 440
3535 7289
3355 9873
8008 4890
1331 5564
8474 8624
8847 7835
3436 3448
3881 5637
1676 5742
8331 8466
5762 5387
3823 3074
5451 387
6644 5200
4677 9255
7102 602
8050 8776
9742 7338
9552 4051
7924 3527
4259 1629
5870 3612
6634 3944
3586 8242
9251 9066
4029 6500
9777 5719
1617 6557
5907 7200
3216 4767
3518 3788
9123 7612
1806 4175
3960 5331
6231 2523
8475 3215
3926 576
6982 5463
4006 4123
216 6299
7279 8259
174 7089
4964 3664
8593 4857
7735 6251
3436 5071
2803 8638
5582 8734
2260 8926
8399 8845
1700 5556
2870 8393
7919 4577
8836 5703
7028 8467
4420 3295
1193 7786
246 2336
4281 9411
6070 9381
9547 7975
8218 6076
4564 359
6146 9275
4629 1366
7769 8767
7732 7369
1974 4041
5455 421
4784 3849
4283 3120
8436 6722
6335 8519
478 1037
5413 4144
5311 352
4802 1643
8381 6612
8651 5595
524 5207
5366 3178
7687 5236
2183 1837
5831 8910
6232 5186
188 3746
8446 5738
2879 9673
7364 8275
3911 6594
336 3518
1562 7594
3950 1737
6362 3757
1595 7011
3932 9009
8480 5142
63 9175
5000 8952
3043 9491
6354 3443
2381 3152
5679 6812
1307 1629
7965 3735
4204 1160
6356 9874
5215 1378
1016 9594
850 1739
3416 4273
5272 4063
5603 4262
2716 2839
5422 168
1844 1938
9037 1812
7387 3973
2168 7101
8549 2501
9397 2325
9630 7376
1404 571
6128 6020
242 1744
4077 3111
3042 7578
5257 2721
3719 2204
2672 8625
204 6411
8275 4596
9359 4760
4824 7166
2772 3629
8401 889
4014 638
7054 5003
2 2301
9924 6874
4433 3625
1236 5023
1771 7020
2328 3224
2468 2098
8530 6151
4983 3373
750 4093
8083 586
4319 6687
5185 170
4627 9710
6878 6569
712 3385
1981 2958
6269 2134
4945 88
1909 3940
1634 6843
4279 480
1030 4633
3102 1774
1080 586
8898 4678
4151 4278
3739 4701
200 8645
2439 5839
3700 3796
753 7998
9226 8731
8556 443
1655 967
5603 8796
5365 7950
946 4776
3198 8459
98 5070
1587 9248
3355 7081
680 8226
1742 8145
3643 6667
1550 8293
9931 3510
9036 1994
6772 266
1616 6385
3260 4476
9630 7406
7478 5702
1164 6114
6642 4958
3357 5235
106 3003
4112 1906
2738 8660
3806 6594
8692 6966
2197 7967
3974 827
2213 6637
3707 8415
2145 8843
660 170
5403 1494
2882 6496
5108 3785
7809 8070
1541 7260
5026 8476
3175 2836
6148 7081
9378 6096
4244 9420
4208 8288
1145 6442
7258 2540
6989 206
8666 6958
673 5012
3198 3238
8379 6464
201 6620
3844 6387
4942 2925
9509 8421
7473 3535
5724 7687
9217 851
7793 7145
747 7354
3878 8867
8734 4368
6318 8130
5165 3316
4137 4720
2412 3140
4126 2708
2609 696
4446 8760
8164 8034
66 2918
7243 5168
8022 5754
1149 1640
5334 6655
2470 4811
6908 149
6268 3739
9438 8823
9613 9299
242 1792
9119 3960
5376 2071
2945 1906
9107 4547
3350 4021
9991 9999
4025 831
2159 4289
8783 5712
1488 5760
7780 4412
2582 5490
3695 9462
1084 2354
5815 3520
2382 5488
6697 5501
1390 6548
7941 5969
6228 4494
4047 8586
6337 9564
1868 5221
9191 7286
51 5241
6063 4489
2957 440
453 4578
7298 3192
4864 8717
2403 1127
996 585
7026 3349
1274 1383
1647 5925
534 5438
3432 1102
4805 1321
7065 8835
2896 561
6274 1478
1010 2301
410 8926
232 2356
7896 6482
2833 2548
5758 252
9727 3742
7885 6058
323 1942
3618 6015
6978 2599
6136 3752
9389 9226
677 50
1941 3313
9750 210
1559 8391
9183 6980
17 2819
4099 7785
7693 6574
5875 2017
5325 951
4267 892
2512 1797
9987 6762
3169 7459
8210 1160
6389 5671
2904 2864
4780 9553
7351 2220
3024 9337
8392 8659
8238 1656
3524 1083
7340 6667
5530 4358
6965 3513
6475 1239
1429 6750
6716 3348
8518 8214
5213 2354
7754 7584
9391 6965
9350 5496
7707 9626
7772 146
5884 5754
1437 4070
3372 4203
9547 4717
622 3485
5494 7903
2826 3815
6246 8458
3825 9299
5619 834
7256 4823
8980 56
793 9532
4619 5755
3819 175
1754 434
2466 7927
6748 8482
7109 8131
336 5498
9543 340
8659 2613
3287 2344
4253 9527
1466 1322
6329 6387
1728 4582
6333 4435
7626 1280
9691 1327
8155 9776
4342 7312
305 947
8809 9582
3844 9737
9979 1544
1356 2674
2058 6229
7730 3500
5350 8284
3589 9652
1050 7585
8089 8465
358 5566
5688 1737
9403 4556
8055 5437
9966 7982
1842 5295
6004 2621
9286 379
1979 2582
9759 9008
4611 7574
4469 5502
2330 7332
8916 287
3966 795
6560 7383
7756 7071
6577 7026
1613 2935
1898 1960
1844 4783
1239 7160
3436 6175
3512 1291
3451 4841
2448 8731
7412 6399
2161 1158
9750 4501
5104 5840
8533 2275
4852 5768
691 3755
3934 4997
6927 7040
6920 7220
9002 8056
3776 5230
1239 2153
536 5583
5839 2275
7414 1295
6529 9437
6462 4659
1736 4507
7092 1189
8473 1082
5245 3981
3706 5337
1470 3357
3068 445
6493 6548
2133 2079
6134 4021
3449 6136
2961 9821
8403 3941
4194 1860
7087 2094
6902 182
6301 916
9248 2340
8732 9031
6471 9333
7969 7116
5792 2768
5884 3481
7466 8380
4220 1707
4467 9355
2718 6500
690 9393
2054 5878
4592 141
6136 4858
5916 3437
5711 2300
178 1400
6416 2592
5178 84
7089 7728
2905 4087
4288 3554
9659 4688
2316 9856
4659 8294
7258 4343
6333 4512
1693 4106
1016 2199
3296 6966
5208 6298
9962 5366
5357 9432
9848 7910
3512 4251
7441 9338
1193 913
8884 6619
9563 8957
1375 7880
2588 1516
516 739
8056 965
8729 4285
7764 914
1066 5850
6843 3096
382 4383
6709 5567
5477 8895
2547 1469
925 1864
3360 6482
8898 9577
3173 7813
3096 6702
3579 418
3962 6276
277 6043
8352 8147
7982 4149
7237 65
1736 5691
9588 7886
4524 4847
6420 4992
2559 3778
3213 7809
4849 3205
9964 5871
2510 4010
6190 5613
1052 6684
4623 6126
5212 9825
5987 3932
2673 6218
5007 8269
8166 4882
5694 4534
4916 6002
5564 2324
6163 8458
355 4501
7986 8175
4391 1640
1197 2185
3316 4312
8160 7471
5637 6609
4405 3602
3927 2077
7122 3894
8533 1372
4314 2473
3748 872
6039 2487
7307 9918
2197 3641
9912 9577
417 2072
6656 79
8589 4526
8476 258
5481 3807
6368 8928
9690 4454
6128 5402
6328 3577
2969 3437
1853 9207
107 4656
2015 566
4687 7670
6869 235
1587 9510
5956 1470
8731 4857
8719 6247
1765 273
8166 6261
5360 6692
9071 607
9732 2167
3373 8308
5899 9695
9693 1221
1278 10
1184 9172
8717 815
2607 4139
9458 4759
7478 6824
5707 9901
9117 1618
3598 3535
874 4091
3360 4654
4798 812
455 165
1507 7029
9968 5723
3827 8504
4991 4691
1112 4570
904 4676
7137 9810
8740 7543
9038 6107
7950 7988
392 4633
5118 4566
3945 6013
9533 3848
1295 8292
48 3672
5244 9331
7027 2214
31 8413
7681 8069
8355 5949
1476 6086
6606 423
5437 9638
3554 4935
9132 3220
3897 1638
9736 1906
9243 6832
9864 6738
6205 5077
2495 1037
4067 1459
4764 8052
9286 4808
4803 2334
726 1462
8440 5590
5617 6347
9061 7972
1869 514
9014 8070
2294 7531
7215 3004
4907 6184
2729 4036
9696 4259
1820 370
4484 848
583 4743
6324 1059
703 1400
9010 6985
721 2849
9839 9835
8937 7291
7867 7080
3360 9368
4378 4029
1458 8364
7622 1809
9098 4371
5211 7089
1910 7710
4926 9719
6247 7318
3965 3894
8852 6238
9812 2206
4066 3123
7602 4328
2918 9761
2099 7796
2783 9596
3096 220
6774 2976
1512 8136
2370 2275
209 7841
5723 3519
6925 5591
4760 6679
2742 6035
2067 96
1738 2411
9389 4846
4180 9639
8877 878
3160 8665
6642 2678
6818 6087
7171 5578
5389 5680
9979 1524
7334 6113
8289 9626
3021 7322
2356 8320
468 8416
6412 82
2958 1608
7260 4420
115 7455
5388 9586
2653 4142
2036 1019
7925 1226
4638 8041
6129 2273
4495 2197
1458 757
269 6098
6255 5890
3036 4705
7859 9732
3310 1835
56 1225
9741 4954
4576 6354
2386 914
5606 9626
9196 3774
7311 4360
1148 8297
1541 6619
3753 1776
3892 1751
3944 8298
6633 1479
5572 3056
6167 259
2912 8373
1122 8401
7299 3581
7134 1231
4318 2461
6885 6373
1687 1781
9356 3035
3458 7690
1624 7971
4180 8056
807 9837
7674 1717
2638 1646
2542 1749
3541 6364
1073 4719
5440 2556
8344 8503
7306 3070
3445 2756
5091 7619
30 2529
8040 6290
6927 1319
2633 470
9110 4738
9534 2246
5090 4054
7354 9659
2959 9010
1427 4120
7437 8121
5837 3929
3367 5562
7490 8845
4166 2289
4844 9674
1509 7313
8547 2821
7115 5365
5431 7603
943 5810
7900 3170
6137 9459
1182 6925
458 4623
1836 3294
8176 9586
5590 9698
1404 2587
3563 3321
6301 4121
1703 968
7622 7705
7287 8676
3375 7439
8074 3690
8526 3559
749 1763
6385 3387
6295 3950
5079 1225
9784 5004
6250 458
6448 1697
8113 6717
6429 538
8993 8446
9404 1329
1876 7729
7831 7406
6272 6392
4494 7561
7501 3094
8202 8026
3966 3158
3362 5813
3717 5308
9204 800
4825 7445
8113 3073
3965 3366
2506 8388
7832 5746
8279 7721
7818 3489
8302 3987
2210 8291
2412 8438
7222 7785
2780 1502
7689 3841
9738 5340
7600 5342
230 3720
5584 6188
6344 8227
8830 3869
212 4747
6193 5916
4470 3742
7408 5439
8166 8801
3402 4172
3772 3115
3999 8966
9980 6367
7121 9426
7224 296
5524 1571
3327 645
2735 540
7200 4311
5063 3947
5557 2634
384 2484
2442 5069
5418 958
5759 996
6151 5366
7308 8726
9105 8123
6042 1285
4850 6966
204 2144
5948 5410
8143 8918
1548 8048
4022 99
7692 3492
3130 3139
3104 2609
5856 3453
6370 2989
5090 8349
7169 9880
1132 5680
8005 909
3893 5186
446 2278
1310 4746
3096 5656
4821 1128
1623 8796
6154 1215
7011 9771
3308 9056
1458 6240
7041 1932
3775 3404
6280 1830
3632 3846
6790 6743
3333 1503
8591 1443
6469 2952
8127 4260
139 6206
6765 9102
9491 7998
5297 8398
7771 122
9337 1512
3683 1221
3814 8294
5254 2525
8425 7254
8096 3493
7530 9158
9946 9472
9912 5521
7529 9190
7352 6146
8476 5304
8637 7835
4008 7376
8324 5445
8849 7401
9120 8019
9157 6718
3540 8871
1929 3570
5626 442
5234 4816
8154 2052
539 3269
8630 2717
321 6316
6547 7022
8624 2564
4766 3781
2859 53
6274 4565
7254 7828
3603 7743
3145 4523
9503 5735
995 2329
6850 2052
1597 1800
7037 3855
403 535
9054 4432
6138 4752
5978 9545
9667 6169
2583 681
5975 4412
4990 3087
8436 336
5938 5200
8648 4676
927 1640
9191 9500
9148 1949
5209 3013
1818 2067
9177 615
3518 286
1284 671
6255 1466
1097 4453
8432 4342
3253 4950
6344 235
5413 1844
1689 311
1853 1861
9355 8228
1892 87
4882 1820
7477 1432
9792 6933
4988 6265
5811 385
1962 9524
7505 3349
8295 7348
9497 5345
8244 8188
3630 8088
5943 2874
6332 4701
921 9554
3993 7176
4218 6116
411 9165
1616 9189
9292 6951
4623 2096
3380 7110
6100 2453
3220 6990
3493 5056
5519 8688
2502 6489
3369 5454
6341 7987
522 5237
2326 8316
2698 6462
8283 7721
980 3474
3796 1000
545 5964
2058 3454
1592 9014
2191 806
8547 1234
9263 4071
2934 9116
7220 6290
1858 202
7070 85
2249 5677
3045 9016
2329 9382
9811 83
4076 7211
7337 5186
6353 5536
7761 8232
8853 9180
1064 2682
8281 7447
9744 4439
8713 4507
2808 4891
7494 1767
4307 8665
9062 1253
7253 5900
7341 4415
766 9420
7659 4215
588 3655
778 9019
9551 6972
1530 263
5974 8249
7914 3190
5270 7856
413 9161
9487 2206
1457 7821
6154 8152
6024 7839
1247 8990
6825 2684
7690 794
5212 6980
7325 9278
7838 3667
9377 5641
8970 5042
6649 1931
9437 4311
1998 4692
5324 3338
9103 1797
9439 7022
4406 8000
9666 8141
1501 3093
1260 3437
7092 3120
2224 8656
8446 9651
6813 1478
9327 3521
8320 8612
3975 6942
3177 2826
5692 9382
803 3835
6357 187
7438 453
7876 2950
8725 6121
8905 1946
1898 3355
6925 4469
3687 8669
4529 3023
5337 2779
5960 7268
844 2395
3004 1488
971 5382
711 1617
4168 5712
869 6995
3014 1439
1833 4290
4532 833
9692 6393
1561 1758
9965 3597
2203 29
6259 61
133 2688
5626 3098
8808 1820
8770 4408
155 4112
4631 1417
6611 4041
9193 9202
4157 3351
4270 8886
8535 9914
1162 4050
8732 3390
4723 3912
1431 8728
1174 3293
3308 6692
6836 8024
3512 3732
9831 2432
1769 2531
3519 2453
2788 7419
5200 9312
8432 381
4855 1713
7815 9060
2072 7406
9112 2713
1590 8341
3790 131
3594 8780
1523 4474
7446 2990
5029 222
9287 7288
3894 1755
5100 4190
176 2845
785 9636
9559 9586
9363 3784
9449 4846
5891 966
6846 5111
8318 9323
2208 188
7522 4490
1191 2304
7989 3246
6514 2568
4583 6278
4492 8181
4324 6164
6526 2896
4651 9613
7459 8161
3388 8231
5159 9637
3233 1713
2674 7270
4400 3691
334 8710
6962 661
4626 6242
4070 9139
3007 4116
5851 3379
9192 9789
1550 7761
8771 7310
6772 5171
3953 3263
2529 4638
4361 9772
9351 3979
3093 9564
3258 8139
4942 2915
9616 8063
4089 4367
169 134
1716 8621
1383 3918
2229 8242
332 1320
362 3249
6153 2679
715 8056
8720 5398
1535 7120
9706 5075
9366 1237
5998 3021
4339 4821
2689 2083
1427 6288
9357 4339
9950 9162
5843 8012
9842 8453
6801 4934
6930 5583
1026 8523
3405 5564
1928 8202
5012 113
3641 1477
4784 4523
6453 8600
9030 4629
4446 981
4652 8374
190 4157
1658 9569
4597 236
7716 7823
7197 3723
9297 4739
2778 2579
7284 1753
103 8957
4984 7932
2779 3095
931 7588
3611 8917
3025 3783
9220 5471
6456 3541
7608 8123
8729 6396
6768 1589
4353 6098
3989 6800
8106 4187
376 1066
8332 7742
1486 8348
2081 8008
722 6215
1120 5994
7852 4331
8733 3416
3963 8788
2507 4380
5640 3597
5592 4824
5561 4760
1107 949
5575 938
2350 8018
3708 6454
1385 1676
8583 1851
1077 8063
2345 3866
5899 6131
7217 338
7124 7137
9429 2164
1564 2360
4294 2141
8413 5304
197 7433
4527 7278
7632 8157
2236 8928
4099 3656
2785 6296
6119 7666
9694 1419
3396 7102
3713 6210
7996 5923
4736 2094
3577 5095
4285 9640
8339 7162
9444 3620
1284 8125
5983 9013
2631 9011
3481 278
7515 5150
3186 7856
6982 8036
2826 890
7673 3925
3473 1760
3808 3317
2700 5604
5858 5018
281 9703
4743 8601
4882 6432
9439 5179
9342 4613
3153 4301
1468 3327
2737 5989
9335 9958
3034 6143
9810 4147
4344 5264
1751 2032
6071 5177
1872 2059
7754 2771
7069 725
3408 7605
8848 9822
6358 7055
3652 6468
8712 7813
9474 6431
4209 6830
644 53
849 2754
8659 5810
9376 4049
9320 5850
8760 5921
8541 6384
9489 8589
4049 7121
8946 6880
5111 8669
8690 1449
1723 7706
9910 4076
5142 5761
5047 7782
5890 6264
6351 6341
8688 9455
2568 3614
769 8103
9590 2675
7000 5120
8564 2260
1334 462
9255 1679
7834 5279
3178 5286
8296 998
9902 3563
6038 4447
6335 2662
2881 309
2119 9936
1406 4633
2023 3473
7783 4489
4954 1424
254 4993
1508 3187
8885 146
8487 6829
7451 7098
3788 4127
8160 3651
5123 5160
9563 126
4307 3103
6310 99
148 7752
9229 2424
3781 2623
4617 3050
1080 7855
3081 126
7150 9254
145 5682
2954 4387
7494 2715
31 4656
3578 2463
9800 4080
1941 8185
2660 4959
828 6572
208 6964
9939 8995
8116 3194
2600 8913
3372 701
7621 8602
2044 2627
3314 5615
2420 4985
4357 6372
9803 8340
6631 1447
9597 8598
2253 1572
1859 8868
8080 700
1530 4651
9090 36
9983 5322
3533 5613
2355 9695
9293 9544
3288 8725
4640 9057
7919 6251
4054 3648
9201 3809
429 1136
1095 2369
5841 153
6098 2521
2398 5829
1980 2548
6629 8429
8901 1072
1329 8567
