423 484
423 59
423 258
125 308
423 144
423 329
423 478
125 308
125 421
423 386
46 19
423 5
423 203
423 217
423 478
423 76
423 240
423 217
423 346
423 76
423 309
423 77
423 452
125 402
423 370
46 144
423 47
46 10
423 217
423 415
46 73
423 4
423 421
423 412
423 76
423 464
46 76
423 77
423 196
423 248
423 112
423 278
423 386
423 71
423 421
423 10
423 19
423 302
423 113
423 417
46 417
423 402
423 193
46 26
423 112
46 484
423 59
423 26
423 412
125 144
423 346
423 258
423 371
46 484
423 258
423 144
423 4
423 399
423 220
125 402
423 450
423 193
423 309
423 337
423 278
423 140
125 144
125 331
423 278
423 4
46 10
423 47
423 309
46 484
423 417
423 308
423 59
125 4
423 282
46 484
423 417
125 324
423 478
423 244
46 26
423 331
423 217
186 368
423 346
423 113
423 58
423 113
46 10
125 402
46 203
423 152
46 19
423 399
423 307
423 116
423 221
125 308
423 113
423 399
423 196
423 308
423 203
46 58
423 232
423 484
423 225
423 48
423 196
423 258
423 193
423 421
423 331
423 371
423 437
423 152
46 10
423 371
423 217
423 48
46 58
423 258
423 217
423 77
423 124
125 324
423 124
423 76
186 115
423 77
423 92
423 346
423 4
46 146
46 417
423 417
423 92
423 331
423 196
423 402
46 386
423 73
46 302
423 232
423 307
423 386
423 26
423 113
46 76
46 386
423 464
423 240
423 59
423 58
46 10
423 58
423 124
423 240
423 77
423 399
46 19
423 71
423 282
423 450
423 92
125 421
423 371
46 10
423 321
423 5
423 5
423 51
46 73
423 346
423 155
423 73
125 421
423 116
423 4
46 73
423 48
125 402
423 47
423 244
423 155
423 484
423 115
423 308
125 421
423 26
423 337
423 368
423 217
46 26
423 309
423 112
423 5
423 59
423 321
423 230
423 5
423 113
423 246
423 73
423 386
423 324
423 346
423 59
46 26
423 58
423 386
423 19
46 386
423 248
423 81
186 368
423 346
423 124
46 484
423 203
423 478
423 59
423 73
46 73
423 81
186 115
423 248
423 331
423 337
423 246
423 402
423 248
125 324
423 144
423 478
125 331
423 246
423 368
186 115
423 10
186 115
125 4
423 437
423 59
125 244
450 230
423 80
423 324
423 321
423 360
423 302
46 73
423 19
423 203
423 329
423 146
46 417
46 77
423 81
423 370
423 26
423 144
423 331
423 240
423 58
423 193
46 77
423 346
186 115
423 80
423 358
423 324
46 417
46 10
423 370
423 116
46 10
423 331
423 155
423 371
423 450
423 307
423 19
423 452
423 4
423 282
423 155
186 115
423 331
423 217
423 248
125 4
423 308
46 302
423 240
423 484
125 402
423 51
423 76
423 76
423 10
423 220
423 220
423 307
423 248
423 278
423 371
423 324
186 115
46 26
423 452
423 248
423 360
125 308
423 308
46 302
423 321
423 308
423 399
423 337
125 331
423 308
186 115
423 302
46 417
423 244
46 76
423 278
423 240
423 58
423 240
423 412
423 450
423 421
423 59
125 4
46 10
46 417
423 308
423 399
423 112
46 112
423 329
423 232
423 220
423 368
125 144
46 81
46 58
423 71
423 196
423 244
46 73
423 368
423 81
423 47
423 307
423 115
423 26
186 368
125 4
423 193
125 4
423 415
423 321
423 48
423 484
423 116
423 371
423 220
423 230
423 346
46 203
423 196
46 10
423 452
423 4
423 58
423 51
46 203
423 13
423 217
423 282
423 140
423 307
423 308
423 196
423 309
423 282
46 417
46 19
46 302
46 77
423 76
423 77
125 244
423 5
423 258
423 217
423 437
423 309
423 152
125 144
423 92
423 113
423 399
423 399
423 92
423 76
423 51
423 155
125 331
423 248
423 220
423 4
423 232
423 307
46 302
423 309
423 232
450 230
125 308
423 248
423 80
46 73
423 371
423 421
423 221
46 484
423 329
423 421
423 358
423 5
46 76
423 77
423 308
423 324
423 329
46 484
423 368
423 19
46 81
423 26
423 4
423 368
46 302
271 191
182 273
317 411
106 314
432 371
443 257
101 232
225 215
96 14
53 384
77 215
92 94
5 100
25 218
254 209
201 25
245 148
283 13
206 422
100 186
148 464
160 361
202 392
240 441
199 468
350 173
164 353
142 49
417 317
31 400
330 242
248 173
387 51
361 76
170 99
378 415
255 57
65 144
116 453
189 307
300 150
287 67
59 460
448 464
351 267
193 280
77 392
99 58
107 140
411 210
447 136
456 55
332 99
262 357
254 456
424 103
164 429
236 409
281 163
279 19
71 235
228 240
45 415
115 252
305 303
301 18
15 392
365 107
55 65
250 3
7 196
213 135
250 283
162 383
124 203
88 258
356 11
368 238
20 11
195 76
168 31
19 129
237 377
301 75
317 361
425 462
142 196
68 428
294 207
22 424
212 88
274 177
152 179
249 96
368 135
129 267
296 10
197 269
442 7
409 233
172 405
200 87
114 62
432 160
202 95
306 437
17 445
472 96
50 333
351 188
11 297
35 408
53 445
86 272
37 71
6 193
196 103
363 63
386 29
265 457
112 135
255 318
110 96
357 13
14 29
394 289
207 447
335 316
212 442
196 334
283 331
472 160
3 262
277 282
338 123
256 460
231 437
209 460
100 459
135 16
91 148
298 158
442 403
336 29
81 187
31 250
63 305
35 297
208 162
455 3
457 25
336 211
293 25
125 173
78 171
10 215
235 217
300 292
101 293
246 318
41 147
168 198
403 177
351 334
249 302
213 66
132 42
204 186
411 13
475 213
262 388
199 3
382 164
249 40
127 190
257 300
442 355
235 71
7 188
56 465
346 290
311 89
24 280
437 297
36 139
319 253
343 376
234 55
154 388
222 131
300 237
29 343
332 200
436 2
221 421
382 384
88 388
168 149
258 66
249 390
355 43
213 330
53 197
169 106
4 318
437 406
403 89
448 221
98 313
137 239
136 194
52 421
432 339
405 155
302 49
426 94
453 151
449 377
394 215
79 164
373 349
457 389
414 54
392 421
154 25
467 266
40 168
95 442
362 160
374 213
231 57
80 468
109 316
295 361
96 182
286 160
15 338
464 431
175 388
153 89
437 304
199 119
311 63
242 194
400 26
457 365
212 361
179 219
112 38
160 318
363 125
110 427
343 53
457 312
368 385
450 2
418 168
410 150
402 122
14 94
103 6
122 58
378 159
298 460
218 92
343 94
31 10
121 334
48 23
116 217
148 404
98 362
246 65
294 306
322 168
366 25
53 378
438 18
146 177
212 45
38 68
329 464
141 11
233 79
135 42
447 284
75 356
62 66
403 87
438 447
419 42
353 30
351 55
128 341
454 240
290 251
119 234
233 364
317 462
437 336
105 255
252 440
266 322
359 139
468 151
266 334
291 278
367 26
243 158
226 129
449 105
416 3
121 468
251 288
87 356
381 222
166 322
7 115
222 315
65 196
113 57
174 345
159 411
40 294
421 244
326 175
77 1
393 208
321 16
319 161
165 341
286 222
195 166
358 283
434 207
337 298
471 325
61 312
291 467
303 131
20 17
44 326
245 126
355 222
27 421
51 116
409 260
350 152
432 58
256 122
58 393
422 187
355 83
293 112
416 196
316 123
126 30
287 429
299 27
180 349
8 386
3 366
402 160
63 257
156 19
347 390
22 25
219 447
72 102
397 68
12 181
266 314
225 403
355 178
163 409
178 317
314 386
135 292
252 429
377 228
302 131
417 54
213 418
443 418
377 350
398 273
305 195
282 11
203 399
439 305
168 31
230 2
17 14
155 194
262 400
244 59
398 220
94 222
458 67
186 296
412 37
213 65
392 142
107 275
272 93
439 114
395 100
215 289
401 256
123 200
352 207
62 85
409 458
356 284
338 286
94 81
399 117
342 275
431 347
74 161
468 139
261 257
166 267
91 415
175 252
374 414
379 213
467 457
270 421
21 36
417 360
67 318
464 426
417 386
91 399
51 75
378 204
149 316
363 186
450 266
179 180
386 94
30 113
296 200
254 127
139 338
304 233
446 15
203 377
394 303
459 262
67 237
364 16
255 186
75 115
243 174
281 96
145 190
355 103
191 334
227 96
323 83
42 274
385 331
301 359
145 326
436 163
105 454
